household_id,group,manure,crop_rotation,intercropping,mulching,number_of_practices,base_yield,practice_effect,noise,yield_tha
1,Control,0,1,0,0,1,1.0988191917911878,0.07,-0.20932412051046898,0.9594950712807189
2,Control,0,0,0,1,1,0.7082820742643111,0.07,0.048833125415513906,0.8271151996798249
3,Control,1,0,0,0,1,1.384508089616228,0.07,-0.04796958165028431,1.4065385079659438
4,Control,0,0,0,0,0,1.4587429257790774,0,0.1785015384603807,1.6372444642394581
5,Control,0,0,0,0,0,0.9547361408963774,0,0.3044582834875212,1.2591944243838986
6,Control,1,0,0,0,1,0.945529399107194,0.07,-0.26959556137106233,0.7459338377361318
7,Control,0,1,0,1,2,0.44771824140845695,0.14,0.14408381249970342,0.7318020539081604
8,Control,1,0,0,0,1,1.049557784468566,0.07,0.006957078789257072,1.126514863257823
9,Control,0,0,0,0,0,0.32397349822516297,0,0.012737727579214903,0.5
10,Control,0,0,1,0,1,0.9389867386604336,0.07,0.21966443034141545,1.2286511690018491
11,Control,1,0,0,0,1,0.5532961960518904,0.07,0.10539150377980916,0.7286876998316996
12,Control,0,0,1,0,1,0.7582230605220732,0.07,-0.0114856756716495,0.8167373848504238
13,Control,0,0,0,0,0,0.9510279814241988,0,-0.058782766736499396,0.8922452146876994
14,Control,1,0,0,0,1,1.1577507353773657,0.07,-0.06177730260510078,1.165973432772265
15,Control,1,1,0,0,2,1.4207221100224843,0.14,-0.016865511140746896,1.5438565988817372
16,Control,0,0,0,0,0,0.872126409096083,0,-0.15234659175694887,0.7197798173391341
17,Control,0,1,0,0,1,0.9362209614790187,0.07,0.24115842785520922,1.247379389334228
18,Control,1,0,1,0,2,0.9307548942702965,0.14,0.10747517458358209,1.1782300688538785
19,Control,1,0,0,1,2,0.852353737552157,0.14,0.1338344913638322,1.1261882289159892
20,Control,0,0,1,0,1,0.9077801739711719,0.07,0.03440350226666008,1.012183676237832
21,Control,0,0,0,0,0,1.2140191015931086,0,0.04153909127376787,1.2555581928668764
22,Control,1,1,0,0,2,1.5269787470944087,0.14,0.025821410836202388,1.6928001579306113
23,Control,0,0,0,0,0,1.4706208881975313,0,0.24405826142323406,1.7146791496207654
24,Control,0,0,1,0,1,0.9656871817374063,0.07,-0.07768828404695644,0.9579988976904499
25,Control,1,0,0,0,1,1.1756836738642407,0.07,-0.21711289815446158,1.028570775709779
26,Control,1,0,1,0,2,0.8248387781832176,0.14,0.12249474034137475,1.0873335185245923
27,Control,1,0,0,0,1,0.547665132586048,0.07,0.16312906958341208,0.7807942021694602
28,Control,0,0,1,1,2,1.1555895163661776,0.14,-0.2659223003059327,1.0296672160602447
29,Control,1,0,0,0,1,1.1102932206154381,0.07,0.17188155866241553,1.3521747792778538
30,Control,0,0,1,0,1,1.4792320137781698,0.07,-0.08247212166825067,1.4667598921099192
31,Control,0,0,0,0,0,0.9479482661728966,0,-0.03771956299844098,0.9102287031744556
32,Control,0,0,1,0,1,0.4858096104888683,0.07,0.12110037347378895,0.6769099839626573
33,Control,1,1,1,0,3,1.085456955241664,0.21000000000000002,-0.006576595131055234,1.2888803601106087
34,Control,0,0,0,0,0,0.5453621017229604,0,0.3074468827387164,0.8528089844616769
35,Control,1,0,0,0,1,0.6648314724857317,0.07,0.20680177292905677,0.9416332454147884
36,Control,0,0,1,1,2,0.8613291240223162,0.14,-0.28843776676627186,0.7128913572560442
37,Control,1,0,0,0,1,0.864880376689827,0.07,0.05604658689347794,0.990926963583305
38,Control,1,0,0,0,1,0.5868316495886761,0.07,0.039671400419083784,0.6965030500077599
39,Control,0,1,0,0,1,1.3145774540777142,0.07,-0.11681898077147312,1.267758473306241
40,Control,0,0,0,0,0,1.091666865029842,0,0.4148325711965499,1.506499436226392
41,Control,1,0,0,1,2,0.7243754150645945,0.14,-0.49209175423167606,0.5
42,Control,1,0,0,0,1,0.7464332238842337,0.07,-0.18003902998335705,0.6363941939008767
43,Control,1,1,0,0,2,0.6318022974454716,0.14,0.17296268643776014,0.9447649838832317
44,Control,0,0,0,0,0,1.1054587926071124,0,-0.2329811800757566,0.8724776125313558
45,Control,1,1,1,0,3,1.2642479746929776,0.21000000000000002,-0.25733998243231826,1.2169079922606594
46,Control,0,0,0,0,0,0.8638099361241769,0,-0.18841288670390766,0.6753970494202692
47,Control,0,1,0,1,2,1.3054138627007368,0.14,-0.08225749712845967,1.3631563655722772
48,Control,0,0,0,1,1,0.904236436036835,0.07,-0.15026084915021196,0.823975586886623
49,Control,0,0,0,0,0,1.0774406531975327,0,0.07900651902037978,1.1564471722179124
50,Control,0,0,0,0,0,1.3349092799083597,0,-0.33049603714826714,1.0044132427600925
51,Control,1,0,0,0,1,0.7683675101291141,0.07,0.4029212800228734,1.2412887901519876
52,Control,1,0,1,0,2,1.0337782918761849,0.14,0.07910472706565562,1.2528830189418405
53,Control,1,0,1,0,2,1.1594686718114904,0.14,0.00852937366008665,1.3079980454715772
54,Control,0,0,0,0,0,0.8731292048148617,0,-0.2500462908730066,0.623082913941855
55,Control,1,1,0,0,2,1.0445871976023315,0.14,0.1474361439442277,1.3320233415465592
56,Control,0,0,0,0,0,1.1197858926288997,0,0.006618800123247993,1.1264046927521476
57,Control,0,1,0,0,1,1.3556356165952321,0.07,-0.08466797019475053,1.3409676464004816
58,Control,1,0,1,0,2,1.2757285995646594,0.14,-0.0247607952317883,1.390967804332871
59,Control,1,0,0,0,1,0.8815690896117113,0.07,-0.12762509180385215,0.8239439978078591
60,Control,1,1,0,0,2,1.1827722727330812,0.14,-0.2603101645951202,1.0624621081379608
61,Control,0,0,0,0,0,1.465826296966601,0,0.0807386025264181,1.546564899493019
62,Control,0,0,0,0,0,0.8113015410387325,0,0.34611816208184326,1.1574197031205757
63,Control,0,1,0,1,2,1.4257748616107926,0.14,0.09746379763935797,1.6632386592501507
64,Control,0,0,0,0,0,0.5888003970708469,0,-0.1467081192015073,0.5
65,Control,0,0,0,0,0,0.7308906939464096,0,-0.42312678801956755,0.5
66,Control,1,0,1,0,2,1.0411338469583888,0.14,0.18048724076780145,1.3616210877261903
67,Control,1,0,1,1,3,0.4886872719159855,0.21000000000000002,-0.2457290831932767,0.5
68,Control,0,1,0,1,2,1.096092417638391,0.14,0.0502675482043526,1.2863599658427438
69,Control,0,1,0,0,1,0.3606869145707603,0.07,0.08421681919245352,0.5149037337632139
70,Control,1,0,0,0,1,0.7772645699794197,0.07,0.07875224869304305,0.9260168186724628
71,Control,1,0,0,0,1,0.714417470283984,0.07,0.11481412073365418,0.899231591017638
72,Control,1,1,0,0,2,1.28019637591738,0.14,0.13770583620902332,1.5579022121264035
73,Control,1,1,1,1,4,0.670155135329431,0.28,-0.22319841148771996,0.7269567238417112
74,Control,1,0,1,1,3,1.3891330303672034,0.21000000000000002,-0.2623990428906705,1.3367339874765327
75,Control,1,0,0,0,1,0.756439296561966,0.07,-0.3888549847546656,0.5
76,Control,0,1,0,0,1,0.8985423358756975,0.07,-0.032495353183950144,0.9360469826917474
77,Control,1,0,0,0,1,0.7512759574646735,0.07,0.2054443755936035,1.026720333058277
78,Control,1,0,1,0,2,1.3229956544948207,0.14,0.2091127245247989,1.6721083790196198
79,Control,1,0,0,0,1,0.6016315583466711,0.07,-0.1456902245881532,0.525941333758518
80,Control,1,0,0,0,1,1.221972249538319,0.07,-0.058619078062386865,1.2333531714759323
81,Control,0,0,1,0,1,1.2930019451868695,0.07,-0.3283980128660924,1.0346039323207772
82,Control,1,0,0,0,1,0.8869554254056391,0.07,-0.34747623319409804,0.6094791922115411
83,Control,1,0,1,0,2,0.609732623504184,0.14,-0.20245570596584833,0.5472769175383356
84,Control,0,0,0,1,1,1.217561303477486,0.07,0.13449071310645286,1.4220520165839388
85,Control,0,0,0,0,0,0.7089039469172982,0,-0.07838284189238172,0.6305211050249164
86,Control,0,0,1,0,1,0.7337762922045008,0.07,0.2409840182197266,1.0447603104242273
87,Control,1,0,0,0,1,0.7941349668366993,0.07,0.0708549975429884,0.9349899643796877
88,Control,1,1,1,0,3,0.7197529370927789,0.21000000000000002,0.4189353813354367,1.3486883184282155
89,Control,1,0,0,0,1,1.4974981984433364,0.07,-0.24128767406403046,1.326210524379306
90,Control,1,0,0,0,1,1.1842394961840723,0.07,-0.3120471954292172,0.9421923007548552
91,Control,0,0,0,0,0,1.1015923862423478,0,0.13468055018137634,1.2362729364237242
92,Control,1,0,1,0,2,0.8271973118462507,0.14,-0.0853495242972328,0.8818477875490178
93,Control,1,0,0,0,1,1.3152026755306792,0.07,-0.23393548658928692,1.1512671889413923
94,Control,0,0,0,0,0,0.6950658306609814,0,-0.3134211860020362,0.5
95,Control,0,0,0,1,1,0.9369489390953811,0.07,-0.16333782891713733,0.8436111101782439
96,Control,0,0,0,0,0,1.3308956807813437,0,-0.011710722845438254,1.3191849579359054
97,Control,1,0,0,0,1,0.7198730305691503,0.07,0.1695994492532442,0.9594724798223946
98,Control,1,1,0,0,2,1.0112018985343787,0.14,0.10426822334562268,1.2554701218800015
99,Control,0,0,1,0,1,0.7692771562724589,0.07,-0.016196032602922187,0.8230811236695366
100,Control,0,0,0,0,0,0.8837301310275104,0,0.01354084429547249,0.8972709753229829
101,Control,0,0,1,0,1,0.9838480773601042,0.07,-0.07749088186097235,0.9763571954991319
102,Control,1,0,0,0,1,0.9434372572070407,0.07,-0.003445745064554763,1.0099915121424858
103,Control,1,0,0,0,1,1.2897095239772907,0.07,0.17732342138042853,1.5370329453577192
104,Control,1,0,1,0,2,1.1877719790672068,0.14,-0.18335366174996426,1.1444183173172424
105,Control,0,0,0,0,0,1.2453678469123641,0,-0.2501490174562175,0.9952188294561466
106,Control,0,0,0,0,0,1.2539314379251103,0,-0.16009663959595063,1.0938347983291596
107,Control,0,0,0,0,0,1.3995091969473343,0,-0.052230507949028,1.3472786889983064
108,Control,0,0,0,0,0,1.0680904765008474,0,-0.01769718221237698,1.0503932942884704
109,Control,1,1,0,0,2,1.1960529459378249,0.14,0.10210425787425698,1.438157203812082
110,Control,1,0,1,1,3,0.8978066965806804,0.21000000000000002,-0.22223273411447697,0.8855739624662033
111,Control,0,0,0,1,1,0.9652062812969819,0.07,-0.05631635571120078,0.9788899255857813
112,Control,0,0,1,0,1,1.1607551436816588,0.07,-0.1640103832856403,1.0667447603960185
113,Control,0,1,0,1,2,0.8986939712110131,0.14,-0.2090662860688559,0.8296276851421573
114,Control,1,0,0,0,1,0.8876743654888737,0.07,0.38925398094074104,1.346928346429615
115,Control,1,1,1,0,3,1.081835066555427,0.21000000000000002,-0.11797654131307707,1.17385852524235
116,Control,1,0,1,0,2,1.4607753405041637,0.14,0.13472517713783413,1.7355005176419978
117,Control,1,0,0,0,1,0.5824330940784076,0.07,-0.31484162420850004,0.5
118,Control,1,0,1,0,2,0.8585094974417734,0.14,0.17221362929260736,1.1707231267343807
119,Control,0,0,0,0,0,1.1144755054254636,0,-0.35032416135542,0.7641513440700436
120,Control,0,0,0,0,0,1.0958023258789424,0,0.4038554694579805,1.499657795336923
121,Control,1,0,1,0,2,0.5755701452651467,0.14,-0.0682078130960453,0.6473623321691014
122,Control,1,0,0,0,1,0.778085724625017,0.07,0.011307350776062729,0.8593930754010798
123,Control,0,0,0,0,0,0.6634806541968481,0,0.253780406008157,0.9172610602050051
124,Control,0,0,0,0,0,0.9863306209023311,0,0.21133616893325474,1.197666789835586
125,Control,0,0,0,0,0,1.3940689421973214,0,-0.208590885585381,1.1854780566119403
126,Control,1,0,0,0,1,0.999525387308521,0.07,-0.15323832146471458,0.9162870658438065
127,Control,0,0,0,1,1,0.9363726298552312,0.07,0.17000724666291286,1.176379876518144
128,Control,0,0,1,1,2,1.6760425027767631,0.14,-0.12718940523450095,1.6888530975422622
129,Control,1,0,0,0,1,0.8181258603672281,0.07,-0.10549492118904165,0.7826309391781865
130,Control,0,0,0,1,1,1.0341468265309912,0.07,-0.07513424494591806,1.0290125815850732
131,Control,0,0,0,0,0,0.8995778637374905,0,-0.5022287560810311,0.5
132,Control,0,0,0,0,0,0.7278154907864165,0,0.16235030017163143,0.8901657909580479
133,Control,0,0,0,0,0,1.1817573155271206,0,0.05490025343890166,1.2366575689660222
134,Control,0,1,0,1,2,0.8431552467500523,0.14,0.04225657870860018,1.0254118254586524
135,Control,0,0,0,0,0,1.2551318178129387,0,0.23679231202250675,1.4919241298354455
136,Control,0,0,0,1,1,0.8775891785586946,0.07,-0.31932972103822843,0.6282594575204661
137,Control,0,0,0,1,1,0.9574574030288392,0.07,0.2408932812827742,1.2683506843116135
138,Control,1,1,1,0,3,0.7558305778391666,0.21000000000000002,0.1186532439091394,1.0844838217483062
139,Control,0,0,0,0,0,0.9023378232062003,0,0.3982232433663133,1.3005610665725136
140,Control,0,0,1,0,1,1.1134472191496432,0.07,0.11981540814002581,1.303262627289669
141,Control,1,1,0,0,2,0.4016543913855988,0.14,-0.21091941896249267,0.5
142,Control,1,0,0,0,1,0.7001929920271308,0.07,-0.36452127698187486,0.5
143,Control,1,0,0,1,2,1.0851467269402268,0.14,-0.14600338159620213,1.0791433453440247
144,Control,0,0,0,1,1,0.6696418069470522,0.07,-0.00280309636873079,0.7368387105783215
145,Control,0,0,0,0,0,1.2950040947078585,0,-0.2219419262739359,1.0730621684339225
146,Control,0,1,1,0,2,0.6950123783358819,0.14,-0.24672075859561585,0.5882916197402661
147,Control,1,0,0,0,1,0.7408277514584071,0.07,0.18636831605054271,0.9971960675089497
148,Control,0,0,0,0,0,0.9319039992038942,0,0.055842608593572034,0.9877466077974663
149,Control,1,0,0,0,1,0.9182835821634333,0.07,0.01247465889530399,1.0007582410587372
150,Control,1,0,0,0,1,0.9238628685270287,0.07,-0.11048939344999989,0.8833734750770289
151,Control,0,0,0,1,1,1.1247329120329108,0.07,0.1215310669005741,1.316263978933485
152,Control,1,0,0,1,2,1.1717325608874722,0.14,0.5231553535705871,1.8348879144580592
153,Control,0,0,0,1,1,0.4545291276431418,0.07,-0.6162176321374431,0.5
154,Control,1,0,1,0,2,1.286001054748422,0.14,-0.07227755915389937,1.3537234955945228
155,Control,0,0,0,0,0,1.4032743618139347,0,0.13316133312101597,1.5364356949349507
156,Control,0,0,0,0,0,0.7736589354215029,0,-0.010256753033657574,0.7634021823878453
157,Control,1,0,0,0,1,0.43392932888875935,0.07,0.07455451628317632,0.5784838451719357
158,Control,1,0,0,0,1,0.508252001166506,0.07,-0.26456642012995435,0.5
159,Control,1,0,1,0,2,0.4261540319792876,0.14,-0.05898969512899954,0.50716433685028806
160,Control,0,0,0,1,1,1.0926163185271933,0.07,-0.31534474103041615,0.8472715774967772
161,Control,0,0,0,0,0,1.1902472776138104,0,-0.03334433524517465,1.156902942368636
162,Control,0,0,0,0,0,1.4421903168253791,0,-0.043572281852891866,1.3986180349724873
163,Control,0,0,0,1,1,1.097071628667307,0.07,0.040248514502482735,1.2073201431697898
164,Control,1,0,1,0,2,1.2770530375271145,0.14,0.19266558493691,1.6097186224640243
165,Control,1,0,0,0,1,0.8329352682021667,0.07,-0.16580719991043935,0.7371280682917274
166,Control,1,0,0,1,2,0.7021207439114077,0.14,0.3086841304151915,1.150804874326599
167,Control,1,0,1,0,2,1.0802088043837692,0.14,0.35864815143606993,1.5788569558198393
168,Control,1,0,1,0,2,1.101160882163519,0.14,-0.196939502992858,1.044221379170661
169,Control,1,0,1,0,2,0.37800772091330126,0.14,-0.17492926621387028,0.5
170,Control,1,0,1,0,2,1.2813810796999134,0.14,-0.06807908449807118,1.3533019952018424
171,Control,0,0,1,0,1,0.8160806201041372,0.07,-0.07516061621307776,0.8109200038910593
172,Control,1,0,0,0,1,0.9663721287463024,0.07,0.27625314485712704,1.3126252736034294
173,Control,1,0,0,0,1,0.6958223729128834,0.07,0.3272128494433544,1.0930352223562378
174,Control,1,0,0,0,1,1.190917824030729,0.07,0.1733616309103706,1.4342794549410995
175,Control,1,0,0,0,1,0.8887831574755303,0.07,-0.2531521801017281,0.7056309773738023
176,Control,1,1,0,1,3,0.5736000960842689,0.21000000000000002,-0.022791060488307653,0.7608090355959611
177,Control,0,0,0,1,1,1.086727069118579,0.07,-0.10086946165757216,1.0558576074610069
178,Control,0,0,0,0,0,0.5056387972881917,0,0.49092211028239197,0.9965609075705837
179,Control,0,0,0,0,0,0.942926433168173,0,0.024366494829252197,0.9672929279974253
180,Control,0,1,0,0,1,1.005821209286284,0.07,0.24265581256282648,1.3184770218491104
181,Control,0,0,0,1,1,1.8105493181198513,0.07,-0.19579095338558125,1.68475836473427
182,Control,0,1,0,0,1,1.1532914667108765,0.07,0.3072179847248702,1.5305094514357467
183,Control,1,1,1,0,3,0.6179968170869793,0.21000000000000002,0.20240204569674503,1.0303988627837244
184,Control,1,0,0,0,1,1.1129313739937403,0.07,0.022849567667636194,1.2057809416613765
185,Control,0,0,1,0,1,0.9703702029855087,0.07,0.09081239971568822,1.1311826027011969
186,Control,0,0,0,1,1,1.0661633486764557,0.07,-0.20862637213847704,0.9275369765379787
187,Control,0,1,1,1,3,0.5152219390091016,0.21000000000000002,-0.11618066018226732,0.6090412788268343
188,Control,0,0,0,0,0,1.5042709052474046,0,-0.028016704759728086,1.4762542004876764
189,Control,1,0,1,0,2,1.1674707305821193,0.14,0.17685459707271267,1.4843253276548318
190,Control,1,0,1,1,3,0.8870827483795748,0.21000000000000002,0.13650025510566893,1.2335830034852437
191,Control,1,0,1,1,3,0.3917301745314906,0.21000000000000002,0.06418004243452517,0.6659102169660158
192,Control,0,1,0,1,2,1.1193715929720485,0.14,-0.2342413419834073,1.0251302509886413
193,Control,1,0,1,0,2,0.5809308204253774,0.14,-0.10962300953475444,0.6113078108906229
194,Control,1,1,0,0,2,0.6453188434098942,0.14,-0.21224938398958632,0.5730694594203078
195,Control,1,0,0,0,1,1.1626974801222034,0.07,-0.07999398916126364,1.15270349096094
196,Control,1,0,0,0,1,1.2204163450917167,0.07,-0.2682700733635415,1.0221462717281753
197,Control,1,0,0,0,1,0.8864487410765588,0.07,-0.2250804714751915,0.7313682696013672
198,Control,1,0,1,0,2,0.5071583284731813,0.14,-0.05685990497672272,0.5902984234964586
199,Control,0,0,0,0,0,0.29390970938917715,0,-0.45650948836467464,0.5
200,Control,0,0,0,0,0,0.5799446470541121,0,-0.05838383527513368,0.5215608117789784
201,Control,0,0,0,0,0,0.790962047621468,0,-0.10688358713536249,0.6840784604861055
202,Control,1,0,0,0,1,0.7078979570123831,0.07,-0.01719022304158987,0.7607077339707933
203,Control,0,0,0,0,0,1.0964129271093537,0,-0.4255980202479426,0.6708149068614111
204,Control,1,0,0,0,1,0.7542968879243486,0.07,0.08417275029927146,0.9084696382236201
205,Control,1,0,1,0,2,1.1418113769340472,0.14,0.27609877188429216,1.5579101488183396
206,Control,1,1,1,0,3,1.3586251370543199,0.21000000000000002,-0.34167567882880534,1.2269494582255145
207,Control,0,0,0,0,0,0.8663024964293553,0,-0.291444361904221,0.5748581345251342
208,Control,1,0,1,0,2,0.5940610039618948,0.14,0.3206838625220085,1.0547448664839032
209,Control,1,1,0,0,2,0.6444907976431629,0.14,0.036983646473200855,0.8214744441163637
210,Control,1,0,0,0,1,1.2281820893040765,0.07,-0.08354356718535078,1.2146385221187257
211,Control,0,0,1,0,1,0.5327955721774151,0.07,0.23743128498318344,0.8402268571605986
212,Control,0,0,1,1,2,1.4806621117116057,0.14,-0.2755775055709994,1.345084606140606
213,Control,1,0,1,1,3,1.0837648076103235,0.21000000000000002,0.2339808642841648,1.5277456718944882
214,Control,1,0,0,0,1,1.2874470143531305,0.07,-0.2933089077493515,1.064138106603779
215,Control,1,0,1,0,2,0.7786315107039837,0.14,0.3473225487616468,1.2659540594656304
216,Control,0,1,1,0,2,0.8076844311610192,0.14,-0.08714803754641598,0.8605363936146032
217,Control,0,0,0,1,1,1.1339385542443743,0.07,0.08160136799320267,1.285539922237577
218,Control,1,0,0,1,2,0.9432363246875306,0.14,0.380415933892263,1.4636522585797935
219,Control,0,0,0,0,0,1.176427226790017,0,-0.054544806959193594,1.1218824198308235
220,Control,0,0,1,0,1,0.9435861223048726,0.07,0.020023510128558474,1.033609632433431
221,Control,1,0,0,1,2,0.9450857666378734,0.14,-0.45890400132126824,0.6261817653166053
222,Control,1,0,1,0,2,1.5281113258405021,0.14,-0.046065190262434184,1.622046135578068
223,Control,0,0,0,0,0,1.1475457057798215,0,0.13513835451181844,1.2826840602916398
224,Control,0,0,0,0,0,0.3019295886938821,0,0.12000626722531577,0.5
225,Control,1,0,0,0,1,1.215170216013813,0.07,-0.13360794756926955,1.1515622684445435
226,Control,0,0,0,0,0,0.7952983674760509,0,-0.2261917497503355,0.5691066177257154
227,Control,1,0,0,0,1,1.0115843269378515,0.07,-0.0074988414883245804,1.074085485449527
228,Control,1,1,0,0,2,1.4060329817124542,0.14,0.399519335964422,1.9455523176768763
229,Control,1,0,0,0,1,1.507416944008729,0.07,0.08343204109843338,1.6608489851071626
230,Control,1,1,0,0,2,0.4068252328878521,0.14,-0.15884617728944003,0.5
231,Control,1,0,0,0,1,0.5423807527235003,0.07,0.26913992668184095,0.8815206794053413
232,Control,1,0,0,0,1,1.1313240702647658,0.07,0.1978101773244478,1.3991342475892137
233,Control,1,0,0,0,1,0.8070624041937455,0.07,-0.032516491439804,0.8445459127539416
234,Control,1,0,1,0,2,0.8571766139863599,0.14,-0.11842987863448813,0.8787467353518718
235,Control,0,0,0,0,0,1.3688203805800134,0,-0.1676862403832928,1.2011341401967206
236,Control,0,0,0,0,0,0.8615326198012386,0,0.11491889106846548,0.976451510869704
237,Control,1,0,1,0,2,0.6498608454056789,0.14,0.2372204012447841,1.027081246650463
238,Control,0,0,0,0,0,0.9098942675637449,0,-0.05695925184641898,0.8529350157173259
239,Control,0,0,1,0,1,1.2309921947101135,0.07,-0.3809364394735215,0.920055755236592
240,Control,1,0,0,0,1,1.0720788397835985,0.07,0.0733641386860898,1.2154429784696883
241,Control,1,0,0,1,2,1.2262506391904882,0.14,0.06541376597384607,1.4316644051643341
242,Control,0,0,0,0,0,0.46927553071589,0,-0.3633012335057335,0.5
243,Control,1,0,0,1,2,1.0348996961139145,0.14,0.3979386216696408,1.5728383177835552
244,Control,1,0,1,0,2,1.2076067619225443,0.14,-0.2074897070247174,1.140117054897827
245,Control,0,0,1,0,1,1.4133958075562914,0.07,-0.36084377953474667,1.1225520280215449
246,Control,1,0,0,1,2,0.1792089367915457,0.14,-0.342174613724683,0.5
247,Control,1,1,0,0,2,0.7652304428662773,0.14,-0.18405540146648564,0.7211750413997917
248,Control,1,0,0,0,1,1.2424130019960435,0.07,-0.20527109439066515,1.1071419076053783
249,Control,1,0,1,0,2,1.1572205757939416,0.14,0.15133733354976742,1.448557909343709
250,Control,0,1,0,0,1,1.1068353323100728,0.07,0.09594065449054041,1.2727759868006132
251,Control,1,0,0,0,1,0.5185134960006117,0.07,-0.1432281876604876,0.5
252,Control,1,1,0,0,2,0.9031953821123442,0.14,-0.17080369875334567,0.8723916833589986
253,Control,1,0,1,0,2,0.35156218254356786,0.14,-0.358570208308359,0.5
254,Control,1,0,0,0,1,1.0057290106847518,0.07,0.0366317341194433,1.1123607448041952
255,Control,1,0,0,0,1,0.7021886858261213,0.07,-0.21163187466887534,0.560556811157246
256,Control,0,0,0,1,1,0.5680703771393938,0.07,0.15488840962146855,0.7929587867608624
257,Control,1,0,0,0,1,1.0507874658591616,0.07,-0.13893613027273927,0.9818513355864225
258,Control,1,1,0,0,2,1.5474477583228605,0.14,0.16551999775160633,1.852967756074467
259,Control,0,0,1,1,2,0.5246674653752661,0.14,-0.24080957632679856,0.5
260,Control,0,0,0,0,0,0.7378509947149079,0,-0.20720217651667558,0.5306488181982323
261,Control,0,1,1,0,2,0.9412657159120668,0.14,-0.0499513813028842,1.0313143346091824
262,Control,1,1,0,0,2,0.7880041952542289,0.14,0.12201425147543299,1.0500184467296618
263,Control,1,0,1,0,2,0.6868947683851099,0.14,0.10299990066504823,0.9298946690501582
264,Control,0,0,1,0,1,1.183000520562826,0.07,-0.10793394992778688,1.1450665706350391
265,Control,1,0,0,0,1,0.6978424563503094,0.07,-0.1949688432370479,0.5728736131132616
266,Control,1,0,0,1,2,0.9514650630426262,0.14,0.1369461550148625,1.2284112180574887
267,Control,0,1,0,0,1,1.2940155629006878,0.07,-0.019204479513103157,1.3448110833875846
268,Control,1,0,0,0,1,1.108582677686825,0.07,0.12035812544602396,1.298940803132849
269,Control,0,0,1,0,1,0.5183026242795126,0.07,0.39449349901068187,0.9827961232901945
270,Control,0,0,1,0,1,1.3933169213427663,0.07,0.028031870004601608,1.491348791347368
271,Control,1,0,0,1,2,1.1618164520226133,0.14,0.27709168954634555,1.5789081415689588
272,Control,0,0,1,0,1,1.0656382672311413,0.07,-0.23234844679658637,0.903289820434555
273,Control,1,0,0,0,1,0.9610099320234212,0.07,-0.011490514796402496,1.0195194172270188
274,Control,1,0,0,0,1,0.7404841325363485,0.07,-0.04980708084060471,0.7606770516957438
275,Control,0,0,0,0,0,0.7523085451327503,0,-0.304832421971306,0.5
276,Control,1,0,0,0,1,0.7137582774718688,0.07,0.09271820686495154,0.8764764843368203
277,Control,1,0,0,0,1,0.5823328777204587,0.07,-0.23752414527830457,0.5
278,Control,1,0,0,0,1,1.1597517090710756,0.07,0.09881284237699046,1.3285645514480662
279,Control,1,0,0,0,1,0.5919958239253282,0.07,-0.15871045665038427,0.503285367274944
280,Control,1,0,1,0,2,1.1253998467214485,0.14,-0.11005472943796597,1.1553451172834825
281,Control,1,0,0,1,2,0.7449225531119013,0.14,-0.0756633624505241,0.8092591906613772
282,Control,1,0,0,0,1,1.2608579079078361,0.07,-0.29264092764146027,1.0382169802663759
283,Control,1,0,1,1,3,1.3103441308793264,0.21000000000000002,0.20929938245734847,1.7296435133366748
284,Control,0,0,0,0,0,1.0062210362318904,0,-0.10097002985341251,0.9052510063784779
285,Control,1,1,0,1,3,1.1185357914469263,0.21000000000000002,0.17874430854784798,1.5072800999947742
286,Control,1,0,0,0,1,1.0829056425625727,0.07,-0.03652604322988328,1.1163795993326895
287,Control,1,1,1,0,3,0.5779275500407095,0.21000000000000002,-0.034526812712581144,0.7534007373281283
288,Control,1,0,0,0,1,1.2414056038947663,0.07,-0.2279317319681151,1.0834738719266512
289,Control,1,0,0,0,1,1.2325162032421306,0.07,0.11037547625035507,1.4128916794924857
290,Control,1,0,0,0,1,0.7275562926811012,0.07,0.011194257932658516,0.8087505506137598
291,Control,0,0,1,0,1,0.7011939652189108,0.07,-0.09261486084875038,0.6785791043701604
292,Control,0,0,0,0,0,1.1087639935444475,0,0.15745811583774538,1.266222109382193
293,Control,1,0,1,0,2,0.6741752905687528,0.14,0.07543214773461464,0.8896074383033674
294,Control,1,0,0,0,1,1.0525786386542948,0.07,0.012568736521130282,1.135147375175425
295,Control,1,1,1,1,4,1.1903570263065681,0.28,0.003745802087135538,1.4741028283937037
296,Control,1,0,0,0,1,0.9195085063245225,0.07,0.22689108855769127,1.216399594882214
297,Control,0,0,0,0,0,0.9569744210789131,0,-0.021667026735428117,0.935307394343485
298,Control,0,0,1,0,1,0.7944021351631059,0.07,0.4048437072410014,1.2692458424041073
299,Control,1,0,1,1,3,0.9068613589491111,0.21000000000000002,0.09267145559120034,1.2095328145403115
300,Control,1,1,0,0,2,0.8289491351807174,0.14,-0.04374028999095156,0.9252088451897659
301,Control,1,0,0,0,1,1.7603038691116426,0.07,0.2227189863526784,2.053022855464321
302,Control,1,0,1,0,2,1.1804607904402227,0.14,-0.29072568235839735,1.0297351080818253
303,Control,1,0,0,1,2,1.3382683626495335,0.14,0.24796831722381552,1.7262366798733488
304,Control,1,1,0,1,3,0.8589245303858406,0.21000000000000002,-0.39877707960458514,0.6701474507812555
305,Control,0,0,0,0,0,0.937771449349809,0,0.19191030468025758,1.1296817540300665
306,Control,0,0,0,0,0,1.8237020088102698,0,0.25871608177314487,2.0824180905834146
307,Control,1,1,0,0,2,0.7509127855373443,0.14,-0.33496321256814854,0.5559495729691958
308,Control,1,1,1,0,3,0.8071899614183324,0.21000000000000002,-0.06857626457638502,0.9486136968419474
309,Control,1,0,0,0,1,0.9575164056798369,0.07,-0.20563432074012522,0.8218820849397117
310,Control,1,0,1,1,3,1.3313098452786074,0.21000000000000002,0.004681602489374742,1.5459914477679821
311,Control,1,1,0,0,2,0.0996925679479741,0.14,-0.1454857718560468,0.5
312,Control,0,0,0,0,0,1.616078148120259,0,-0.10072274554827415,1.5153554025719849
313,Control,1,1,0,0,2,0.6718611843125885,0.14,-0.18370943524901415,0.6281517490635743
314,Control,1,0,0,0,1,0.6320309454569857,0.07,0.20101358694825897,0.9030445324052447
315,Control,1,0,1,1,3,0.8973168318573141,0.21000000000000002,0.1627722830799053,1.2700891149372193
316,Control,0,0,1,0,1,1.1975597734587273,0.07,0.10287596087351142,1.3704357343322389
317,Control,1,0,1,1,3,0.7445664691719709,0.21000000000000002,0.04040174172614315,0.994968210898114
318,Control,0,0,0,0,0,0.4372050910209069,0,0.07229012352897804,0.5094952145498849
319,Control,0,0,1,0,1,0.8530430075653839,0.07,-0.06233483115389125,0.8607081764114927
320,Control,0,0,1,0,1,1.0984730208128084,0.07,0.4629633719202951,1.6314363927331035
321,Control,1,0,0,0,1,1.2595486155418363,0.07,0.02057437884223463,1.350122994384071
322,Control,1,0,1,0,2,1.3419150150547083,0.14,0.1256409610244233,1.6075559760791318
323,Control,1,0,1,0,2,0.8698134210321973,0.14,0.14364470391030965,1.153458124942507
324,Control,1,0,0,1,2,1.438892739054893,0.14,0.16219770961429314,1.741090448669186
325,Control,0,0,0,0,0,1.3593423132896718,0,0.263467807955902,1.6228101212455739
326,Control,0,0,1,0,1,0.861314002166188,0.07,-0.05262720856394341,0.8786867936022447
327,Control,1,0,0,0,1,1.2738543270225782,0.07,-0.3745338707918236,0.9693204562307547
328,Control,0,0,1,0,1,1.3169701823997557,0.07,0.44660375590001894,1.8335739382997747
329,Control,0,0,0,0,0,0.5855337171677302,0,-0.06723521772612051,0.5182984994416097
330,Control,0,1,1,0,2,1.4567265013987072,0.14,-0.05165873969103074,1.5450677617076765
331,Control,0,0,0,0,0,0.9765942147830103,0,0.30596935098123956,1.2825635657642498
332,Control,1,0,0,0,1,1.150703891329385,0.07,0.09547035898318759,1.3161742503125726
333,Control,1,0,0,1,2,0.9738360613135693,0.14,-0.2424541798322697,0.8713818814812997
334,Control,1,0,0,1,2,0.792713984231558,0.14,0.05357244835895023,0.9862864325905083
335,Control,0,1,0,0,1,1.4579268787326298,0.07,-0.3051041410939703,1.2228227376386596
336,Control,1,0,0,0,1,1.3942200046798288,0.07,-0.04547279071034026,1.4187472139694886
337,Control,1,0,0,0,1,0.6790737659263741,0.07,-0.4344758043979883,0.5
338,Control,1,0,0,1,2,0.9952288404969286,0.14,0.09276389169874777,1.2279927321956765
339,Control,0,0,1,0,1,1.1616792152194906,0.07,-0.3195871177330974,0.9120920974863933
340,Control,1,0,1,0,2,0.4645850120896887,0.14,-0.2418634148005726,0.5
341,Control,1,0,0,0,1,0.8649683956546383,0.07,-0.37556304364702414,0.5594053520076143
342,Control,1,0,0,1,2,1.1435489422918503,0.14,0.13184696132368628,1.4153959036155368
343,Control,0,0,0,0,0,0.8960714281757056,0,-0.2378674494553027,0.6582039787204029
344,Control,1,0,1,0,2,0.38671402651574294,0.14,-0.31401953219697065,0.5
345,Control,1,0,0,0,1,0.5549122018338131,0.07,-0.505228233325496,0.5
346,Control,1,0,1,0,2,0.723113058327465,0.14,0.2614664614889581,1.124579519816423
347,Control,0,0,0,0,0,1.0522733592001776,0,-0.08524281522733501,0.9670305439728426
348,Control,1,0,1,1,3,0.45480304451074405,0.21000000000000002,-0.22625291896635746,0.5
349,Control,0,0,0,0,0,1.150012203736878,0,-0.14568582666874927,1.0043263770681288
350,Control,0,0,0,1,1,1.3190639060736964,0.07,-0.34935664929965515,1.0397072567740413
351,Control,1,1,0,0,2,0.8304392018287292,0.14,0.2913821301496679,1.261821331978397
352,Control,0,0,0,0,0,1.2832278996816657,0,-0.09755542852270342,1.1856724711589623
353,Control,1,0,0,1,2,1.2919296809052994,0.14,-0.11545837728803852,1.316471303617261
354,Control,1,1,0,0,2,0.9948501789668027,0.14,0.1513541397995629,1.2862043187663657
355,Control,0,1,0,0,1,0.8920217947393283,0.07,0.19618058090261015,1.1582023756419386
356,Control,1,1,0,0,2,0.9429447143417434,0.14,0.14668666531166857,1.229631379653412
357,Control,0,0,0,0,0,0.4367340717191891,0,-0.17182680093517078,0.5
358,Control,0,0,0,0,0,1.1681048597762758,0,-0.313416915503985,0.8546879442722908
359,Control,1,0,0,1,2,1.1006154242297619,0.14,-0.15528435949012298,1.085331064739639
360,Control,1,0,0,0,1,0.9540931667306061,0.07,-0.03552363016548073,0.9885695365651254
361,Control,0,0,0,0,0,0.18445376281404713,0,-0.0713694175415726,0.5
362,Control,0,0,1,1,2,1.0876653359772286,0.14,0.183806209263758,1.4114715452409867
363,Control,1,0,0,0,1,1.1695966623665548,0.07,0.1302599914006711,1.3698566537672259
364,Control,0,1,0,1,2,0.737734310749503,0.14,-0.08903469611095768,0.7886996146385453
365,Control,0,1,0,0,1,1.3027101604021605,0.07,0.08450434963726612,1.4572145100394267
366,Control,0,0,1,0,1,1.1731165327975424,0.07,-0.003223692371456196,1.2398928404260863
367,Control,0,0,0,0,0,0.6436007763897011,0,0.0038733719580054866,0.6474741483477067
368,Control,0,0,0,0,0,0.7124217588749849,0,0.0508500916010083,0.7632718504759932
369,Control,1,0,0,0,1,0.9337763371373569,0.07,0.3362126826386439,1.339989019776001
370,Control,1,1,1,0,3,0.7028487028275718,0.21000000000000002,-0.03723477989552168,0.8756139229320501
371,Control,1,1,0,0,2,0.686183433503281,0.14,-0.13097332532854117,0.6952101081747399
372,Control,1,0,0,0,1,1.4078943743965546,0.07,-0.28922976410743584,1.188664610289119
373,Control,0,0,0,0,0,0.6532228011153829,0,-0.005639635894529534,0.6475831652208534
374,Control,1,0,1,0,2,1.078252947338911,0.14,0.3761946823474131,1.5944476296863241
375,Control,0,0,0,0,0,0.5325290574833006,0,0.07662719497427964,0.6091562524575802
376,Control,0,1,0,0,1,0.9978578637060972,0.07,-0.05537687877502517,1.0124809849310719
377,Control,1,1,0,1,3,1.170316668260994,0.21000000000000002,0.2337947648773001,1.614111433138294
378,Control,1,1,0,0,2,1.333313256077782,0.14,-0.3122146785381108,1.1610985775396714
379,Control,1,0,0,0,1,0.6641965809450074,0.07,-0.27672043529076124,0.5
380,Control,0,1,0,0,1,0.7763992932033015,0.07,0.3136626230614703,1.1600619162647718
381,Control,0,1,1,1,3,1.268705580707503,0.21000000000000002,-0.02365771364319367,1.4550478670643092
382,Control,1,1,0,0,2,1.1770733282033643,0.14,0.20282927423167327,1.5199026024350375
383,Control,1,0,0,0,1,0.9134613161479084,0.07,-0.002381588832327423,0.981079727315581
384,Control,1,0,1,0,2,1.0144490399220614,0.14,0.1982411757900029,1.3526902157120642
385,Control,0,0,0,0,0,0.853322183262729,0,0.513847333616522,1.367169516879251
386,Control,0,0,1,0,1,1.2138959754811174,0.07,0.24853714505013846,1.5324331205312558
387,Control,1,0,0,0,1,1.1045773463423914,0.07,-0.22067899018197537,0.9538983561604161
388,Control,0,1,0,0,1,0.971931564029621,0.07,-0.0880794808175539,0.953852083212067
389,Control,1,0,1,0,2,0.7463845062109429,0.14,-0.16147497545750528,0.7249095307534377
390,Control,1,0,0,0,1,1.083281869916847,0.07,-0.15692944818954782,0.9963524217272992
391,Control,0,0,1,0,1,0.9133296100369571,0.07,0.18818548090982817,1.1715150909467853
392,Control,1,0,0,0,1,0.4446019757119606,0.07,0.06331197060255743,0.5779139463145181
393,Control,0,0,0,0,0,0.7133594200020725,0,0.3082161004379652,1.0215755204400376
394,Control,1,1,0,0,2,0.49385924519100466,0.14,0.20153416388144665,0.8353934090724513
395,Control,0,1,0,0,1,1.2799758141544182,0.07,-0.10695529807045034,1.243020516083968
396,Control,1,0,0,0,1,1.45418526265234,0.07,0.09317713772636076,1.6173624003787008
397,Control,0,0,0,0,0,1.7062855784937367,0,0.3017291321499365,2.0080147106436734
398,Control,0,1,1,0,2,1.6409850632138943,0.14,0.02909376584367024,1.8100788290575647
399,Control,0,0,0,0,0,0.7742278624972674,0,-0.0752387577073119,0.6989891047899555
400,Control,1,0,0,1,2,0.6241192812250462,0.14,-0.2131390019170937,0.5509802793079526
401,Control,1,0,0,0,1,0.8125515745546497,0.07,0.1927522254694365,1.0753038000240862
402,Control,1,0,1,1,3,1.3816193407325856,0.21000000000000002,0.2465010258810304,1.8381203666136159
403,Control,0,0,0,0,0,0.7018550870681372,0,-0.031430532650290145,0.670424554417847
404,Control,1,0,1,1,3,0.7874684534478642,0.21000000000000002,0.08672344306514708,1.0841918965130113
405,Control,0,0,0,1,1,0.7759658701296641,0.07,0.12921151841197695,0.9751773885416412
406,Control,1,0,1,0,2,0.9168069369874243,0.14,-0.19956043760052036,0.8572464993869041
407,Control,0,0,0,0,0,1.1979690102871579,0,0.31806731099103536,1.516036321278193
408,Control,1,0,1,1,3,0.5463583358875901,0.21000000000000002,-0.28855407720761306,0.5
409,Control,1,0,0,1,2,0.9935164931326302,0.14,0.08633046968020855,1.2198469628128388
410,Control,1,1,1,1,4,0.4736289867975828,0.28,0.11314606635901214,0.866775053156595
411,Control,1,0,0,1,2,1.3106398753187638,0.14,0.08744890413265678,1.5380887794514206
412,Control,0,0,1,0,1,1.2587192825964264,0.07,0.02176955868663227,1.3504888412830587
413,Control,1,0,1,1,3,1.0796634301055146,0.21000000000000002,0.018977107137069845,1.3086405372425844
414,Control,0,0,0,0,0,0.9306019068208546,0,-0.1495576434170107,0.7810442634038439
415,Control,1,0,1,0,2,1.3073073304375613,0.14,-0.06902189104030536,1.378285439397256
416,Control,1,1,0,0,2,1.1852110127721776,0.14,-0.036830775063205444,1.288380237708972
417,Control,1,0,0,1,2,0.6486907549750038,0.14,-0.47273042363798184,0.5
418,Control,0,0,0,0,0,1.7557568701624935,0,0.06075178104326855,1.816508651205762
419,Control,1,0,0,0,1,0.810073056370662,0.07,0.051443760990687176,0.9315168173613492
420,Control,1,0,0,0,1,0.6929409438525367,0.07,-0.12406184401796,0.6388790998345768
421,Control,1,0,0,0,1,1.1307081822120622,0.07,0.2487058798439548,1.449414062056017
422,Control,1,0,1,1,3,1.0801889627579895,0.21000000000000002,-0.2811189937182972,1.0090699690396923
423,Control,0,1,0,0,1,1.045460433278023,0.07,-0.021719041614692583,1.0937413916633305
424,Control,0,1,0,0,1,0.5712675701671501,0.07,0.26444762000849725,0.9057151901756475
425,Control,0,0,1,0,1,1.0276732114214797,0.07,0.21879011980334792,1.3164633312248277
426,Control,1,0,0,0,1,1.1162049558241212,0.07,0.5317710253845029,1.7179759812086242
427,Control,1,1,1,0,3,1.6731207768982779,0.21000000000000002,0.18641633657873868,2.0695371134770166
428,Control,1,0,0,0,1,0.7655601371472148,0.07,8.587075922305047e-5,0.8356460079064378
429,Control,0,0,0,0,0,1.2219903011448863,0,-0.1959034748506563,1.02608682629423
430,Control,1,0,1,1,3,0.7424734594420567,0.21000000000000002,0.32004861325071404,1.2725220726927708
431,Control,1,0,1,0,2,1.0906055789095146,0.14,-0.21178411769015415,1.0188214612193605
432,Control,0,0,0,0,0,0.7116714334531775,0,-0.009519046379875808,0.7021523870733017
433,Control,1,0,1,0,2,0.40071728918783955,0.14,0.0480829661369426,0.5888002553247822
434,Control,1,0,0,0,1,0.30792943978765774,0.07,5.584619006886148e-4,0.5
435,Control,0,0,1,0,1,1.2601694676742659,0.07,0.029285357534658697,1.3594548252089247
436,Control,1,0,1,0,2,1.0228339809720703,0.14,0.0865691781724067,1.249403159144477
437,Control,1,0,1,0,2,1.1155674401652032,0.14,0.02695290219635559,1.2825203423615585
438,Control,1,1,0,0,2,0.3819304625442449,0.14,-0.10354184876895872,0.5
439,Control,1,0,0,0,1,0.9563936763852843,0.07,-0.3146262235061577,0.7117674528791267
440,Control,1,0,0,0,1,1.0293938251252583,0.07,-0.007742506139888791,1.0916513189853696
441,Control,0,0,0,0,0,1.4953518605311658,0,0.08268737502263405,1.5780392355537998
442,Control,0,0,0,0,0,0.7907405242613166,0,0.030317707824723008,0.8210582320860396
443,Control,1,0,1,0,2,1.2401059669998993,0.14,0.24904062573201166,1.6291465927319109
444,Control,0,0,1,1,2,0.9914121884367082,0.14,0.28095046648486477,1.4123626549215729
445,Control,1,0,1,0,2,1.2789808331473278,0.14,-0.16188881128882274,1.257092021858505
446,Control,1,0,0,1,2,1.0496498820126827,0.14,0.18295927780141247,1.372609159814095
447,Control,1,0,1,0,2,1.0467652489771146,0.14,-0.12698064271131382,1.059784606265801
448,Control,0,0,1,0,1,0.9504741336956075,0.07,0.26606802061155443,1.286542154307162
449,Control,0,0,0,0,0,1.0263925415778559,0,0.1775131402341671,1.203905681812023
450,Control,1,1,1,0,3,1.0257556600736535,0.21000000000000002,-0.08994657595854971,1.1458090841151036
451,Control,1,0,0,0,1,0.9485307498849151,0.07,-0.379837463937192,0.6386932859477232
452,Control,1,0,0,0,1,0.9558771360961136,0.07,0.3170545161226395,1.342931652218753
453,Control,0,0,1,0,1,1.25502348346807,0.07,-0.023025616840010178,1.3019978666280598
454,Control,0,1,0,0,1,0.9441941311647682,0.07,-0.11869539868660417,0.895498732478164
455,Control,1,0,1,0,2,0.7493675397119582,0.14,-0.12132183344594193,0.7680457062660163
456,Control,1,0,1,1,3,0.9716425703458003,0.21000000000000002,0.3312814140997035,1.5129239844455038
457,Control,1,0,1,0,2,0.6195585282038645,0.14,0.5678012835548617,1.3273598117587262
458,Control,0,0,0,0,0,1.515616972437155,0,0.10773358218183633,1.6233505546189915
459,Control,0,1,0,0,1,1.7490520825620108,0.07,-0.09172043536748502,1.727331647194526
460,Control,0,0,1,0,1,0.9924381096687165,0.07,0.23592469832072097,1.2983628079894376
461,Control,1,0,0,0,1,1.0021097740010099,0.07,0.12180835171764853,1.1939181257186584
462,Control,1,0,0,1,2,0.7054854699782729,0.14,0.14521609102058483,0.9907015609988578
463,Control,0,0,0,0,0,1.0921703481187037,0,0.10532314138763033,1.197493489506334
464,Control,1,0,0,0,1,1.293877232424278,0.07,0.0036298233203532915,1.3675070557446314
465,Control,1,0,0,0,1,1.2342133100616013,0.07,0.4047072101116842,1.7089205201732856
466,Control,0,1,1,0,2,0.9977030598082459,0.14,-0.024209303934144326,1.1134937558741018
467,Control,1,0,0,0,1,1.377570248899543,0.07,0.2576486642015516,1.7052189131010946
468,Control,1,1,0,0,2,1.5300504134884965,0.14,0.019216933407298565,1.689267346895795
469,Control,1,0,0,0,1,0.9065358620997,0.07,0.3812249740466098,1.3577608361463098
470,Control,0,0,0,0,0,1.1280921700167208,0,-0.2550887255601451,0.8730034444565757
471,Control,1,0,0,0,1,1.346372568402586,0.07,0.05866702643733562,1.4750395948399218
472,Control,1,0,0,0,1,0.913851365562482,0.07,0.2230623897534162,1.2069137553158984
473,Control,0,0,1,0,1,1.0398306466379654,0.07,0.04308422160372224,1.1529148682416877
474,Control,0,1,0,1,2,0.6681295000401496,0.14,0.03848460258776573,0.8466141026279154
475,Control,1,0,1,0,2,0.7359259420516371,0.14,-0.0037665892063409134,0.8721593528452962
476,Control,1,0,0,0,1,0.28340997318451844,0.07,0.21563229810521256,0.569042271289731
477,Control,0,0,0,0,0,0.792985185028147,0,0.35164308570541913,1.1446282707335662
478,Control,0,0,1,1,2,0.8416429755997881,0.14,-0.14337527895400107,0.838267696645787
479,Control,1,1,0,1,3,1.3198932480631898,0.21000000000000002,0.11227882386646944,1.642172071929659
480,Control,0,0,0,0,0,0.671633735667216,0,0.4251328914957806,1.0967666271629966
481,Control,1,0,0,0,1,0.9744820153182816,0.07,-0.1764123528260229,0.8680696624922588
482,Control,0,0,0,0,0,0.8752053248560377,0,0.12962440318161056,1.0048297280376484
483,Control,0,1,0,0,1,0.884953174103799,0.07,0.06790093650990163,1.0228541106137008
484,Control,1,0,0,0,1,1.0415435288475974,0.07,0.2142228960631452,1.3257664249107426
485,Control,0,0,1,1,2,1.4507528529457887,0.14,-0.13960976115719972,1.451143091788589
486,Control,1,1,0,0,2,0.6532226825202173,0.14,0.0717673321531033,0.8649900146733206
487,Control,0,0,0,0,0,1.202975805790811,0,-0.2348326234543131,0.968143182336498
488,Control,1,0,1,0,2,0.7918965576251271,0.14,-0.059342754856791406,0.8725538027683357
489,Control,1,0,1,0,2,0.6611550065559366,0.14,-0.016616247295663526,0.78453875926027306
490,Control,1,0,0,0,1,1.254198495396355,0.07,-0.30670348170777606,1.017495013688579
491,Control,0,0,0,0,0,0.6147038993128977,0,0.2827895705204703,0.8974934698333681
492,Control,1,0,0,0,1,0.7146390150169549,0.07,-0.0436531036168633,0.7409859114000916
493,Control,0,0,0,0,0,1.3034546481058433,0,-0.031615260311708034,1.2718393877941352
494,Control,1,0,0,0,1,0.9679025161991808,0.07,-0.10072109285943365,0.9371814233397472
495,Control,1,1,0,0,2,1.4742030668620367,0.14,0.005218725692285115,1.6194217925543217
496,Control,1,1,0,1,3,1.812653609431588,0.21000000000000002,-0.0320806128616084,1.9905729965699794
497,Control,0,0,0,0,0,1.0596401437593999,0,-0.15226510039115124,0.9073750433682486
498,Control,1,0,1,0,2,1.2281708949759453,0.14,-0.2925700631631308,1.0756008318128147
499,Control,1,0,1,0,2,1.034000556500484,0.14,0.167307221743341,1.341307778243825
500,Control,1,1,0,0,2,0.8311384522471982,0.14,0.21774777408740645,1.1888862263346047
501,Control,1,1,0,1,3,0.7846057704811655,0.21000000000000002,0.08391577894903973,1.0785215494302052
502,Control,1,0,0,0,1,1.3229037061677826,0.07,0.18548414885851366,1.5783878550262964
503,Control,1,0,0,0,1,1.218756610579154,0.07,-0.31701965137269894,0.9717369592064552
504,Control,0,0,0,1,1,1.1416025560512657,0.07,-0.14184651378069832,1.0697560422705674
505,Control,1,0,0,1,2,1.2666893662094882,0.14,0.03241176678768136,1.4391011329971695
506,Control,0,1,0,0,1,0.6599305391408423,0.07,-0.05393772012801051,0.6759928190128319
507,Control,0,0,0,0,0,0.6707190001571248,0,-0.14170993420806116,0.5290090659490636
508,Control,1,0,1,0,2,1.0465048561575097,0.14,-0.21404426986034852,0.972460586297161
509,Control,0,0,1,1,2,1.162212392457139,0.14,-0.04302949795974069,1.2591828944973984
510,Control,1,1,0,1,3,1.3452421699946395,0.21000000000000002,-5.605580912047867e-4,1.5546816119034348
511,Control,1,0,0,1,2,1.4431149667999181,0.14,-0.24884113294163512,1.334273833858283
512,Control,0,0,0,0,0,1.0546563731626284,0,0.1385488148780412,1.1932051880406696
513,Control,1,0,0,0,1,0.6696752927873904,0.07,-0.1062815737031512,0.6333937190842392
514,Control,1,0,1,1,3,0.6392418210222892,0.21000000000000002,0.27218131002769985,1.1214231310499891
515,Control,1,1,1,0,3,0.7099873970512451,0.21000000000000002,-0.2009543081408817,0.7190330889103634
516,Control,1,0,1,1,3,1.4183473781298874,0.21000000000000002,-0.007746112758793798,1.6206012653710935
517,Control,1,0,0,0,1,1.1213080812138578,0.07,0.3114735965256634,1.5027816777395213
518,Control,1,0,0,0,1,1.4470947586582183,0.07,-0.03594797690898179,1.4811467817492365
519,Control,1,0,0,0,1,0.7957854141780891,0.07,0.12072057162135391,0.9865059857994432
520,Control,0,0,0,0,0,0.9843158859790941,0,-0.21115261342008074,0.7731632725590134
521,Control,0,0,0,1,1,1.1910470898496401,0.07,0.14730381158536923,1.4083509014350095
522,Control,0,0,0,1,1,1.107064977586159,0.07,0.07915437136876735,1.2562193489549265
523,Control,0,0,0,0,0,0.6473151848848967,0,0.09986193773691197,0.7471771226218087
524,Control,1,0,0,0,1,0.554184152918255,0.07,0.008620567694814734,0.6328047206130698
525,Control,0,0,1,0,1,0.26638828504825884,0.07,-0.22827206780161602,0.5
526,Control,0,0,0,1,1,1.1950597950514508,0.07,-0.3551041771599887,0.9099556178914621
527,Control,1,0,0,0,1,1.1792376536787557,0.07,0.17245805633586359,1.4216957100146193
528,Control,0,0,0,0,0,0.998225339600387,0,0.27651801936725384,1.274743358967641
529,Control,1,0,0,0,1,1.6104641372650503,0.07,0.1617101534428594,1.8421742907079097
530,Control,1,0,0,1,2,1.0828866939641666,0.14,0.0036826255987371624,1.2265693195629037
531,Control,0,0,0,0,0,0.8510601371931025,0,-0.2286198326489969,0.6224403045441056
532,Control,1,0,0,0,1,1.3510648661258438,0.07,-0.062245852633384224,1.3588190134924596
533,Control,0,0,0,1,1,1.3012451498959334,0.07,0.05605938237312463,1.427304532269058
534,Control,0,0,0,0,0,0.7880080915861716,0,0.4579809726710051,1.2459890642571767
535,Control,1,1,0,0,2,1.0205692752806736,0.14,-0.06756857208001836,1.0930007032006552
536,Control,1,0,1,0,2,1.2662278750158842,0.14,0.15965534111314927,1.5658832161290333
537,Control,1,0,0,0,1,1.285324134553421,0.07,0.041827929243188,1.397152063796609
538,Control,1,0,1,0,2,0.9601071953955446,0.14,-0.23428788020629066,0.8658193151892539
539,Control,1,1,0,1,3,0.6143247222801227,0.21000000000000002,0.10372192619681293,0.9280466484769356
540,Control,1,0,1,1,3,1.4983494568645226,0.21000000000000002,-0.1566774099547234,1.551672046909799
541,Control,0,0,0,0,0,1.0409729667913636,0,0.16818238580629133,1.209155352597655
542,Control,0,1,0,1,2,0.8606908515923082,0.14,0.15992543618775867,1.160616287780067
543,Control,1,0,0,0,1,0.9080728582844494,0.07,0.029878550236325286,1.0079514085207746
544,Control,1,0,1,0,2,0.8692563098409316,0.14,1.0949787358158104e-4,1.0093658077145133
545,Control,0,0,1,1,2,0.48765316023192673,0.14,0.056868195925460545,0.6845213561573873
546,Control,0,0,0,1,1,0.9486132337677287,0.07,0.21837700041336086,1.2369902341810897
547,Control,0,0,0,0,0,1.296644725535431,0,0.42571281640682224,1.7223575419422532
548,Control,1,0,0,0,1,1.6856926159706374,0.07,-0.17921276758563626,1.576479848385001
549,Control,1,0,1,0,2,0.8392158943926342,0.14,-0.15920576516388504,0.8200101292287492
550,Control,1,1,0,0,2,0.9432733747688407,0.14,0.3830316623698547,1.4663050371386952
551,Control,0,0,1,0,1,1.197175252293587,0.07,0.014424809790582993,1.28160006208417
552,Control,1,0,0,1,2,0.9498617145799304,0.14,-0.09286972274431969,0.9969919918356106
553,Control,0,0,0,0,0,0.8389698999773189,0,0.13260041406818107,0.9715703140454999
554,Control,1,0,0,1,2,0.8999682882491704,0.14,0.4278492663503415,1.4678175545995118
555,Control,1,0,0,0,1,1.066871244478858,0.07,-0.07352217898314482,1.0633490654957132
556,Control,1,0,0,0,1,0.3274893497105811,0.07,0.09706503249604431,0.5
557,Control,0,0,0,0,0,0.8071620738796492,0,0.13461356819226408,0.9417756420719133
558,Control,1,0,1,0,2,1.0388520337928895,0.14,-0.02640316674474811,1.1524488670481412
559,Control,0,1,0,0,1,1.1502051797467592,0.07,0.2698240465709765,1.4900292263177357
560,Control,0,0,0,0,0,0.7057936396606284,0,0.0319124545416037,0.7377060942022321
561,Control,0,1,0,0,1,0.8204737610203544,0.07,-0.20917724086840078,0.6812965201519536
562,Control,1,1,0,0,2,0.4939045834491813,0.14,0.15257959581985414,0.7864841792690355
563,Control,1,1,1,0,3,1.1388956508556727,0.21000000000000002,0.17862163419701838,1.527517285052691
564,Control,1,0,0,0,1,1.1898953725915313,0.07,0.0896343140900904,1.3495296866816218
565,Control,1,0,1,0,2,0.9777639967089747,0.14,0.1179434697233634,1.2357074664323382
566,Control,1,0,0,0,1,1.008388469880422,0.07,0.21505222824709197,1.293440698127514
567,Control,0,0,0,1,1,0.2463701532147632,0.07,0.05258603132058644,0.5
568,Control,1,0,0,1,2,1.4240452062402447,0.14,-0.03170237528732106,1.5323428309529235
569,Control,1,0,0,0,1,0.9090341388780334,0.07,-0.3923455050219745,0.586688633856059
570,Control,0,1,1,1,3,0.8202066598417894,0.21000000000000002,0.12057693173669955,1.150783591578489
571,Control,0,0,0,0,0,1.0058986574373965,0,-0.12610821435234534,0.8797904430850512
572,Control,1,0,1,0,2,1.1807896914146225,0.14,0.0412960639853564,1.3620857553999788
573,Control,0,1,0,0,1,1.4721055050160925,0.07,-0.1127408834497869,1.4293646215663056
574,Control,1,0,1,1,3,1.116567399300926,0.21000000000000002,-0.28049464666135887,1.046072752639567
575,Control,1,0,0,0,1,0.6625311202111273,0.07,-0.4698106287105381,0.5
576,Control,0,0,0,0,0,0.9762136388367794,0,0.01585255252695134,0.9920661913637308
577,Control,1,0,1,0,2,1.0322627517039096,0.14,0.24495485275448511,1.4172176044583948
578,Control,1,1,0,0,2,1.0492734362558966,0.14,-0.0034247301235779837,1.1858487061323189
579,Control,0,0,0,0,0,1.295333243615596,0,0.19460952389043723,1.4899427675060333
580,Control,0,0,0,0,0,0.973820585973026,0,0.3691686259664961,1.3429892119395221
581,Control,1,1,1,0,3,0.7654645142187186,0.21000000000000002,-0.15901894471463784,0.8164455695040808
582,Control,0,0,0,0,0,1.4177837387068433,0,-0.03267304088174507,1.3851106978250982
583,Control,0,0,0,1,1,1.8235817631232933,0.07,-0.11542371349820796,1.7781580496250855
584,Control,0,0,0,0,0,0.9098904548734299,0,-0.001118812931943225,0.9087716419414866
585,Control,1,0,0,0,1,1.2820212110317009,0.07,-0.16317487581297735,1.1888463352187235
586,Control,1,0,0,0,1,1.3247238577785776,0.07,-0.1973350509241971,1.1973888068543805
587,Control,0,0,1,0,1,1.276028827768207,0.07,-0.0688554531273798,1.2771733746408274
588,Control,0,0,0,0,0,0.8781354343736553,0,0.22203920171104446,1.1001746360846998
589,Control,1,1,0,0,2,1.199350700958167,0.14,-0.14407378870879478,1.1952769122493723
590,Control,0,0,1,0,1,1.3681153135467747,0.07,-0.10267850791176916,1.3354368056350057
591,Control,1,0,1,1,3,1.8966707609893492,0.21000000000000002,-0.08390151250611075,2.0227692484832382
592,Control,0,0,0,0,0,1.119900719729801,0,-0.2605577501088393,0.8593429696209617
593,Control,1,1,0,0,2,1.0214638453827403,0.14,-0.14845368749118606,1.013010157891554
594,Control,0,0,1,1,2,0.7153965663647028,0.14,-0.17623633051504994,0.6791602358496529
595,Control,0,0,1,0,1,1.004019878612301,0.07,-0.25751124968635375,0.8165086289259472
596,Control,1,0,1,0,2,1.2118041443801,0.14,0.027328320603861603,1.3791324649839616
597,Control,1,0,0,0,1,1.199708294913375,0.07,-0.05900852655221234,1.2106997683611627
598,Control,1,0,0,0,1,0.7281450624972157,0.07,-0.09201851404589552,0.7061265484513202
599,Control,1,0,0,0,1,1.0014309145143814,0.07,0.294252159246348,1.3656830737607295
600,Control,1,0,1,0,2,0.6751193461612042,0.14,-0.09492286114659036,0.7201964850146139
601,Control,1,0,0,0,1,1.1219256146234964,0.07,-0.10212706129300825,1.0897985533304881
602,Control,1,0,0,0,1,1.0272481057135674,0.07,-0.34225787251716444,0.754990233196403
603,Control,0,0,0,0,0,1.3645521773746732,0,0.18179095627862696,1.5463431336533002
604,Control,1,0,1,0,2,1.045191673468747,0.14,0.053868880939706466,1.2390605544084536
605,Control,1,0,1,0,2,1.3020165493708387,0.14,0.01748476065457703,1.4595013100254157
606,Control,1,1,1,1,4,1.1771226960970658,0.28,0.1179439069799829,1.5750666030770486
607,Control,0,1,0,0,1,0.7452715213122,0.07,0.10276443413212027,0.9180359554443203
608,Control,1,0,0,0,1,0.552609161116518,0.07,-0.15871597161948323,0.5
609,Control,1,0,0,1,2,0.9877941254179488,0.14,0.3021430730756276,1.4299371984935763
610,Control,1,0,0,1,2,1.6585944498646499,0.14,-0.10073192345975993,1.69786252640489
611,Control,1,0,0,0,1,1.228971457634694,0.07,-0.1450572400980906,1.1539142175366035
612,Control,1,0,0,1,2,1.1570331233199875,0.14,-0.14850735552607516,1.1485257677939122
613,Control,0,0,0,0,0,1.1919258093750547,0,-0.35501259279369735,0.8369132165813573
614,Control,1,0,0,0,1,1.3868828555233954,0.07,0.12171243117430326,1.5785952866976987
615,Control,0,0,0,0,0,1.5064937175530637,0,-0.10871867524334983,1.397775042309714
616,Control,0,1,1,0,2,1.2892852138209763,0.14,0.10730788393233646,1.5365930977533127
617,Control,1,0,1,0,2,1.3875540889782205,0.14,-0.33561691984959807,1.1919371691286225
618,Control,1,1,0,0,2,1.31049842296888,0.14,-0.0972013116378427,1.3532971113310373
619,Control,1,0,0,1,2,1.421230946174212,0.14,0.045477678925980675,1.6067086251001927
620,Control,1,0,1,1,3,1.3471621668516987,0.21000000000000002,-0.1720221509600364,1.3851400158916622
621,Control,1,0,0,0,1,0.5202000521968999,0.07,0.19854704604487736,0.7887470982417774
622,Control,0,0,0,0,0,0.7745118502335144,0,-0.45169738525568426,0.5
623,Control,1,1,0,1,3,0.9282555906876517,0.21000000000000002,-0.057753956011816904,1.0805016346758347
624,Control,0,0,0,0,0,0.9938573139736793,0,0.04479515569957226,1.0386524696732515
625,Control,1,0,0,0,1,1.5890119895724624,0.07,-0.23233920716549372,1.4266727824069687
626,Control,0,0,1,0,1,1.116953673701144,0.07,-0.14774544442057275,1.0392082292805713
627,Control,1,0,0,1,2,1.3199748256583828,0.14,-0.20807491216950488,1.251899913488878
628,Control,1,0,0,0,1,0.9186360596358525,0.07,0.03280003297107363,1.0214360926069261
629,Control,0,0,0,1,1,1.056206989386182,0.07,0.13717330156613902,1.263380290952321
630,Control,1,0,0,0,1,0.9462926357721999,0.07,-0.18016563821146642,0.8361269975607335
631,Control,1,0,1,0,2,0.9530240572511708,0.14,0.2538275302391215,1.3468515874902922
632,Control,1,0,0,0,1,1.5368328923758687,0.07,-0.21260300443107735,1.3942298879447914
633,Control,1,0,0,1,2,1.0925511931882532,0.14,0.13310232372810257,1.365653516916356
634,Control,1,0,1,1,3,1.109559102789528,0.21000000000000002,-0.04427500656677831,1.2752840962227496
635,Control,0,0,0,1,1,0.9874235281067097,0.07,0.08461296558210746,1.1420364936888172
636,Control,0,0,0,0,0,0.820305240958197,0,-0.16060051357715982,0.6597047273810372
637,Control,1,0,0,1,2,0.9392453973205825,0.14,0.1427008372735592,1.2219462345941416
638,Control,1,0,0,0,1,0.6356852688322023,0.07,0.11505448743018934,0.8207397562623917
639,Control,0,0,1,1,2,0.9941420961748649,0.14,0.10919767567132371,1.2433397718461887
640,Control,0,0,0,0,0,0.7737899390369971,0,0.07605085569117773,0.8498407947281749
641,Control,1,1,0,0,2,1.3567262765066572,0.14,-0.2243157020795632,1.2724105744270942
642,Control,1,1,0,0,2,1.4530500224625267,0.14,0.04310005366209163,1.6361500761246184
643,Control,0,0,0,0,0,0.6488822126967513,0,0.03462576995723079,0.683507982653982
644,Control,0,0,0,1,1,0.6118215179269437,0.07,-0.008481122126622867,0.6733403958003209
645,Control,1,1,0,1,3,0.8544980042667402,0.21000000000000002,0.12946724972917037,1.1939652539959107
646,Control,0,0,0,0,0,0.9820914792380512,0,0.16307527684887385,1.145166756086925
647,Control,1,0,0,0,1,1.038423913164576,0.07,0.3879146434028375,1.4963385565674137
648,Control,1,0,0,0,1,1.2393796752268607,0.07,0.16144863046347996,1.4708283056903406
649,Control,0,1,0,1,2,0.6951773499139382,0.14,-0.09001709577170182,0.7451602541422364
650,Control,0,0,1,0,1,1.0739359885322757,0.07,-0.013720163853940499,1.1302158246783351
651,Control,1,0,0,0,1,0.8083354209129098,0.07,0.013671134489981088,0.8920065554028909
652,Control,0,0,0,1,1,0.8193146236222447,0.07,0.17565502650314047,1.0649696501253851
653,Control,0,0,0,0,0,1.164731991910451,0,0.21363567782615506,1.378367669736606
654,Control,0,0,0,0,0,1.037228451958322,0,0.06126237424933859,1.0984908262076605
655,Control,1,0,1,0,2,1.2128674764087188,0.14,0.02483105298194175,1.3776985293906607
656,Control,1,1,1,0,3,0.7528928912457773,0.21000000000000002,-0.05644275549016086,0.9064501357556164
657,Control,1,0,0,0,1,1.026021146074151,0.07,-0.3248752461341781,0.771145899939973
658,Control,1,1,0,0,2,0.9464745414670417,0.14,-0.023096142625196082,1.0633783988418457
659,Control,1,0,1,0,2,1.3070914504038442,0.14,-1.5571282321371954e-4,1.4469357375806307
660,Control,1,0,1,0,2,0.9916234639755419,0.14,0.011623176606400717,1.1432466405819426
661,Control,0,0,0,1,1,0.7609195953152725,0.07,-0.022010241160542832,0.8089093541547298
662,Control,0,0,0,0,0,1.2156386923878675,0,-0.04283726547230986,1.1728014269155576
663,Control,1,1,0,0,2,1.1575942022126675,0.14,-0.1679865948098549,1.1296076074028127
664,Control,0,0,0,0,0,1.2446225059773108,0,-0.14063871653349755,1.1039837894438134
665,Control,1,0,0,1,2,1.0511639392662002,0.14,-0.35389455973519424,0.8372693795310061
666,Control,0,0,0,0,0,0.748702438563503,0,0.35000408728641175,1.0987065258499147
667,Control,0,0,0,0,0,0.5543811460246215,0,0.08694801364111757,0.6413291596657391
668,Control,1,1,0,0,2,1.3301668887546418,0.14,-0.1428702195961191,1.3272966691585226
669,Control,0,0,1,0,1,1.2805742149408395,0.07,-0.09520402924544988,1.2553701856953896
670,Control,1,0,0,0,1,1.0116051314177812,0.07,0.10294633903675976,1.184551470454541
671,Control,1,0,0,0,1,0.2815419925016903,0.07,0.09377892495588586,0.5
672,Control,0,0,0,1,1,0.9711159827318396,0.07,-0.2474245407116698,0.79369144202017
673,Control,1,1,0,0,2,1.2457139134770028,0.14,0.08976975999833021,1.4754836734753332
674,Control,1,0,0,0,1,0.8525454376759368,0.07,-0.05151837167004511,0.8710270660058916
675,Control,1,0,0,0,1,1.0934968832066083,0.07,-0.14332444447630438,1.020172438730304
676,Control,1,0,1,0,2,0.6887450102091885,0.14,-0.04498336517782865,0.7837616450313599
677,Control,1,0,1,1,3,1.1540787050297558,0.21000000000000002,0.05199246653346967,1.4160711715632255
678,Control,1,0,0,0,1,0.6005522800071004,0.07,0.25884402390249744,0.9293963039095978
679,Control,1,0,0,0,1,0.8344652148753019,0.07,-0.30935089960748113,0.5951143152678207
680,Control,1,0,0,0,1,1.3707024908799368,0.07,-0.18262585869197903,1.2580766321879577
681,Control,1,0,1,0,2,0.9333489537410401,0.14,-0.3554560787115554,0.7178928750294847
682,Control,0,1,0,0,1,1.426288257397483,0.07,-0.10282335438468265,1.3934649030128006
683,Control,0,0,0,0,0,1.1096110599995008,0,0.16666938953974064,1.2762804495392415
684,Control,0,0,0,0,0,1.3695535869196012,0,0.19762030858403387,1.567173895503635
685,Control,1,0,0,1,2,0.9800368710371848,0.14,0.254021820375326,1.3740586914125108
686,Control,0,0,0,0,0,1.204317902434638,0,0.12141328912075972,1.3257311915553978
687,Control,1,0,1,0,2,1.1599789003837822,0.14,0.14139051254520665,1.4413694129289887
688,Control,1,0,0,0,1,0.8855779272185865,0.07,-0.23908533413225133,0.7164925930863352
689,Control,0,1,0,0,1,1.4788076295822936,0.07,-0.10971550969653379,1.4390921198857598
690,Control,0,0,0,0,0,1.2671523416474915,0,0.2562385097153353,1.5233908513628267
691,Control,0,0,0,0,0,0.7526289692355371,0,-0.13192954113969863,0.6206994280958384
692,Control,1,0,0,0,1,1.3567743943954849,0.07,0.0934580767678433,1.5202324711633282
693,Control,0,0,0,0,0,0.8561395398454312,0,-0.10656669750001949,0.7495728423454118
694,Control,0,0,0,0,0,0.2145861927722389,0,-0.07446914257464193,0.5
695,Control,1,0,0,0,1,0.9334458778189058,0.07,-0.1839225899858451,0.8195232878330606
696,Control,0,0,0,0,0,0.722008727348195,0,-0.05315164004552735,0.6688570873026677
697,Control,1,0,0,0,1,0.8776578975175894,0.07,0.027864267672574883,0.9755221651901642
698,Control,0,0,1,1,2,0.8193111222072569,0.14,0.04750296076166258,1.0068140829689194
699,Control,0,0,0,0,0,0.2668426778570099,0,0.05274811429806153,0.5
700,Control,1,0,0,0,1,0.8491114675204459,0.07,-0.005834832175707292,0.9132766353447387
701,Control,0,0,0,0,0,1.2888611087657273,0,-0.022039334625212,1.2668217741405154
702,Control,1,1,0,0,2,0.4945239480168161,0.14,0.23481428138066726,0.8693382293974834
703,Control,1,0,0,0,1,1.4351826298372803,0.07,0.0072014493584925746,1.512384079195773
704,Control,0,1,1,0,2,1.4588550673614935,0.14,0.03279949111382723,1.6316545584753208
705,Control,0,1,1,0,2,0.715893823980941,0.14,0.28689302441529607,1.1427868483962371
706,Control,0,1,0,1,2,1.6883974775521438,0.14,-0.13078987636987435,1.6976076011822696
707,Control,1,0,1,0,2,0.6701754942457239,0.14,-0.1776732241879789,0.632502270057745
708,Control,1,0,0,0,1,1.0431012930108468,0.07,0.22733963080718814,1.340440923818035
709,Control,1,0,0,0,1,0.8816702955283415,0.07,0.5057878935925344,1.457458189120876
710,Control,0,0,0,0,0,1.3778459835398023,0,0.024581501466984054,1.4024274850067864
711,Control,0,1,1,0,2,0.6239516203959216,0.14,0.2355520393229575,0.9995036597188791
712,Control,0,0,0,0,0,0.8614136266249622,0,-0.15444367486872254,0.7069699517562397
713,Control,1,0,0,0,1,0.5534668326859531,0.07,-0.09544660366559848,0.5280202290203546
714,Control,0,0,0,0,0,1.2514643698567063,0,0.2167913315612065,1.4682557014179127
715,Control,0,0,1,0,1,1.171712539583245,0.07,-0.22208617699367672,1.0196263625895683
716,Control,0,0,0,0,0,0.9612677475553468,0,-0.19685926642588716,0.7644084811294597
717,Control,1,0,1,0,2,0.7588033979732746,0.14,0.37656926228304216,1.2753726602563167
718,Control,1,0,0,1,2,0.7080222831498325,0.14,-0.31931099235374927,0.5287112907960833
719,Control,1,0,1,0,2,1.027500147039931,0.14,0.17345873110787416,1.340958878147805
720,Control,0,0,1,1,2,0.5804334014943491,0.14,0.25060560651597186,0.971039008010321
721,Control,1,0,1,0,2,1.6171851099554526,0.14,0.27129912876005574,2.0284842387155084
722,Control,0,1,1,0,2,0.6694041276505227,0.14,0.02283896590558006,0.8322430935561028
723,Control,1,1,0,1,3,0.9777637800970961,0.21000000000000002,0.05704926091132696,1.244813041008423
724,Control,1,1,0,1,3,0.8200207883807271,0.21000000000000002,0.0837617532324592,1.1137825416131863
725,Control,1,0,0,0,1,0.9222167372153911,0.07,0.0829874355765125,1.0752041727919037
726,Control,0,0,0,0,0,0.9759864373643881,0,0.0033925712619504293,0.9793790086263385
727,Control,1,1,1,0,3,1.1623189054589664,0.21000000000000002,-0.10589546649991205,1.2664234389590543
728,Control,1,1,0,0,2,0.7518397897486553,0.14,0.05429941114837505,0.9461392008970303
729,Control,1,1,0,0,2,0.7085822627552139,0.14,0.18386337659470156,1.0324456393499155
730,Control,0,0,0,0,0,1.2363685481569369,0,0.06019198329851501,1.2965605314554518
731,Control,1,0,0,0,1,1.6034757369034183,0.07,0.014336668392340497,1.6878124052957588
732,Control,0,1,0,0,1,1.2157354583857765,0.07,3.612382709582945e-4,1.2860966966567349
733,Control,0,0,0,0,0,1.1333332966983416,0,-0.27203207457623607,0.8613012221221055
734,Control,0,0,1,0,1,1.0566607327157815,0.07,0.17979458219922934,1.3064553149150109
735,Control,1,0,1,1,3,1.023157510667772,0.21000000000000002,0.06307949460367457,1.2962370052714465
736,Control,1,0,0,0,1,0.4213632634211041,0.07,0.09396212716580299,0.5853253905869071
737,Control,1,0,1,0,2,1.1717190681073224,0.14,0.061240783942571125,1.3729598520498936
738,Control,0,0,0,0,0,0.8487723489409456,0,0.021787376910937507,0.870559725851883
739,Control,0,0,1,0,1,1.0894825492497382,0.07,0.13177884857502262,1.291261397824761
740,Control,0,0,0,0,0,1.4508095626360848,0,0.17914722493382385,1.6299567875699088
741,Control,0,0,0,0,0,0.9584306604728254,0,-0.47645362647291745,0.5
742,Control,0,0,0,0,0,1.1743169533943796,0,0.12191572871772921,1.2962326821121088
743,Control,1,0,0,1,2,0.786967727701077,0.14,0.23069569894475808,1.1576634266458352
744,Control,0,0,0,1,1,1.4221200501282565,0.07,-0.08503175147056201,1.4070882986576945
745,Control,0,0,0,0,0,1.4285605286030891,0,0.17051840327313875,1.599078931876228
746,Control,1,0,1,1,3,1.2317325349096513,0.21000000000000002,0.3115386751969796,1.7532712101066308
747,Control,1,0,0,1,2,1.2393175067695128,0.14,0.2860342159951851,1.6653517227646981
748,Control,0,1,0,0,1,1.088977092600369,0.07,-0.2932067768144145,0.8657703157859546
749,Control,0,0,0,0,0,1.1131883533594873,0,-0.5653484668699037,0.5478398864895836
750,Control,1,1,0,1,3,1.1501758109779319,0.21000000000000002,0.026110630268425195,1.386286441246357
751,Control,1,0,0,0,1,0.94895666186659,0.07,0.10314250907209069,1.1220991709386807
752,Control,1,0,0,1,2,0.8345998122548425,0.14,0.09264047788985852,1.0672402901447011
753,Control,1,0,0,0,1,0.9089239151707674,0.07,0.1716529022586445,1.1505768174294118
754,Control,1,0,0,0,1,1.1588587717632408,0.07,-0.28171543138267413,0.9471433403805667
755,Control,1,0,1,0,2,0.8843411283307416,0.14,-0.10122835343352893,0.9231127748972128
756,Control,1,0,0,1,2,0.42208498386918814,0.14,0.1559508302442296,0.7180358141134178
757,Control,0,0,0,0,0,1.2218030633813808,0,-0.16459135318052634,1.0572117102008545
758,Control,1,1,1,0,3,1.0706963622222068,0.21000000000000002,0.21567969050945046,1.4963760527316572
759,Control,0,0,0,0,0,0.7971588929246679,0,0.07644974000037229,0.8736086329250402
760,Control,0,0,1,0,1,0.9296809608377697,0.07,0.4299292192434031,1.429610180081173
761,Control,0,0,0,0,0,1.1214377758735825,0,0.0498415824401132,1.1712793583136958
762,Control,0,0,0,0,0,1.493585202725291,0,0.006862128144156503,1.5004473308694475
763,Control,1,0,0,1,2,1.3213221605916146,0.14,0.11687794603424409,1.5782001066258589
764,Control,1,0,1,0,2,0.8181080198881101,0.14,-0.2981353499418984,0.6599726699462117
765,Control,0,0,0,1,1,1.7396316873423598,0.07,0.20075107499935962,2.0103827623417194
766,Control,0,0,1,1,2,1.3891220373591002,0.14,0.14222492558475394,1.6713469629438542
767,Control,0,0,1,1,2,1.1466730151120315,0.14,0.39173876038136557,1.6784117754933972
768,Control,1,1,1,0,3,1.1138683048013522,0.21000000000000002,0.3530440705326459,1.676912375333998
769,Control,1,0,0,0,1,0.8515301560989372,0.07,0.031410534205143933,0.9529406903040812
770,Control,1,0,0,0,1,1.162619645943857,0.07,0.0854193876234501,1.3180390335673071
771,Control,1,0,0,0,1,1.199461461138253,0.07,-0.12035947753707144,1.1491019836011818
772,Control,1,0,1,1,3,0.9634321874768514,0.21000000000000002,0.2935952881194164,1.4670274755962678
773,Control,1,0,0,0,1,1.1385690714184609,0.07,0.015452509828413438,1.2240215812468744
774,Control,1,0,0,0,1,0.7409042591318871,0.07,-0.216080442680386,0.5948238164515012
775,Control,0,0,0,0,0,1.3516284628176063,0,0.2265717286916804,1.5782001915092867
776,Control,1,0,0,1,2,0.9730455251831154,0.14,0.20940994247690226,1.3224554676600175
777,Control,0,0,0,1,1,0.4516348052355319,0.07,0.18098945714251982,0.7026242623780518
778,Control,0,0,1,0,1,0.8634382322942553,0.07,0.19252339551745418,1.1259616278117095
779,Control,0,0,0,0,0,1.081701795161823,0,0.14890082558319118,1.2306026207450143
780,Control,0,0,0,0,0,1.1822832743451381,0,0.20719173365163593,1.3894750079967741
781,Control,0,0,1,1,2,0.6532691190273039,0.14,0.047275409936078365,0.8405445289633823
782,Control,0,0,0,0,0,1.0170860997236275,0,0.34149558756095777,1.3585816872845853
783,Control,1,0,1,0,2,0.9697256798140191,0.14,0.08161577166973245,1.1913414514837517
784,Control,1,1,0,0,2,0.8570829385418127,0.14,0.241571478027715,1.2386544165695277
785,Control,0,0,0,0,0,0.7149845276775741,0,-0.12206826458430656,0.5929162630932676
786,Control,1,0,0,0,1,0.5922233966553472,0.07,-0.3045995552014028,0.5
787,Control,1,0,1,1,3,1.0682302474562027,0.21000000000000002,0.09431427397229564,1.3725445214284981
788,Control,0,0,0,0,0,0.6673921058134151,0,-0.1450234807141887,0.5223686250992264
789,Control,1,0,0,0,1,0.7623807011546876,0.07,-0.5028010829395096,0.5
790,Control,1,0,0,0,1,1.2327490542836026,0.07,0.0771779903281874,1.3799270446117902
791,Control,0,1,0,0,1,0.8454950482410797,0.07,0.1531143837977641,1.0686094320388437
792,Control,1,1,1,0,3,1.0930590845000965,0.21000000000000002,0.2124610764444281,1.5155201609445246
793,Control,0,1,1,0,2,1.3080666289241094,0.14,-0.18681745937877484,1.2612491695453347
794,Control,1,0,1,0,2,1.0622935427761935,0.14,-0.058140485355945265,1.144153057420248
795,Control,0,0,0,0,0,1.02335180028755,0,0.3526686458165049,1.3760204461040548
796,Control,1,0,0,0,1,0.8195580734259497,0.07,0.11562817641703378,1.0051862498429833
797,Control,1,0,0,0,1,0.7706494163669486,0.07,-0.06620495512799601,0.7744444612389527
798,Control,1,1,1,1,4,0.7404385481361389,0.28,0.2959129600417018,1.3163515081778407
799,Control,0,0,0,0,0,1.1064058467047782,0,0.056951385084085954,1.163357231788864
800,Control,1,1,0,0,2,0.4413555407884018,0.14,-0.1547666147711011,0.5
801,Control,0,0,1,0,1,1.1258706488462435,0.07,-0.17824856513402684,1.0176220837122167
802,Control,0,1,0,0,1,0.64691990273753,0.07,0.036273686862564124,0.7531935896000941
803,Control,1,0,1,1,3,1.0513520346575393,0.21000000000000002,0.17391019982834052,1.4352622344858799
804,Control,1,1,1,0,3,1.3798207532226177,0.21000000000000002,0.1267530966759376,1.7165738498985552
805,Control,1,0,0,0,1,1.15456838166389,0.07,0.12939856861483826,1.3539669502787284
806,Control,1,0,0,0,1,0.9183549473993134,0.07,-0.19152035791392163,0.7968345894853918
807,Control,1,0,0,0,1,1.0944298653428493,0.07,0.10739386290694573,1.271823728249795
808,Control,1,0,0,1,2,0.5029947475251348,0.14,0.16049957299013579,0.8034943205152707
809,Control,1,0,1,0,2,0.8342014135042404,0.14,-0.3250578493331653,0.6491435641710751
810,Control,1,0,0,1,2,0.9194000583872699,0.14,0.3874227728189048,1.4468228312061746
811,Control,1,0,0,1,2,0.19573239047376745,0.14,0.12989166012612907,0.5
812,Control,0,0,0,0,0,1.5295205655557829,0,0.08366844956011515,1.613189015115898
813,Control,1,0,0,0,1,1.0985663946629993,0.07,-0.05626975626276486,1.1122966384002346
814,Control,0,0,0,0,0,1.314402129068152,0,-0.09353889949270705,1.220863229575445
815,Control,0,0,1,0,1,0.993770634448822,0.07,-0.2031032175741653,0.8606674168746568
816,Control,0,0,0,0,0,1.1451501048177726,0,-0.07072319629358458,1.074426908524188
817,Control,0,0,0,1,1,1.5723876744332204,0.07,0.05223181227273074,1.6946194867059512
818,Control,1,0,0,0,1,1.0081217510777427,0.07,-0.13624514331416923,0.9418766077635735
819,Control,1,0,0,0,1,1.0934803213618909,0.07,-0.09639484198629422,1.0670854793755966
820,Control,0,0,0,0,0,1.163458939389598,0,-0.271562709464867,0.891896229924731
821,Control,1,0,0,1,2,1.1142547166940002,0.14,-0.16799129964399406,1.086263417050006
822,Control,0,0,0,0,0,1.1923224998619417,0,0.18046306655391456,1.3727855664158564
823,Control,1,0,0,0,1,0.9292160714009601,0.07,-0.3648002997686606,0.6344157716322996
824,Control,1,0,0,0,1,0.9064751828796532,0.07,7.441378990189612e-5,0.9765495966695551
825,Control,1,0,0,0,1,0.6530131996805845,0.07,-0.10453266171965947,0.618480537960925
826,Control,0,0,1,0,1,0.8997170722516088,0.07,0.005065993339757248,0.9747830655913661
827,Control,1,0,0,1,2,0.8749745903684427,0.14,0.19986308873870517,1.2148376791071478
828,Control,1,0,1,1,3,0.8271175418379703,0.21000000000000002,-0.06479798833794365,0.9723195535000266
829,Control,1,1,1,1,4,1.1521034387532354,0.28,-0.05083878177805942,1.381264656975176
830,Control,1,0,1,0,2,1.088259328531848,0.14,-0.07775073717966988,1.150508591352178
831,Control,1,0,0,0,1,0.6749768776910801,0.07,-0.11451798405653096,0.6304588936345492
832,Control,1,0,1,0,2,0.8726909294260864,0.14,0.11886841189678124,1.1315593413228677
833,Control,1,0,0,0,1,1.0767817792545895,0.07,-0.008789007214469012,1.1379927720401206
834,Control,1,0,0,0,1,1.1045227833084004,0.07,-0.06911755524973237,1.1054052280586681
835,Control,0,1,0,0,1,1.0342395463828489,0.07,-0.03358425888954255,1.0706552874933064
836,Control,0,0,0,1,1,0.8181374606316874,0.07,1.2836012871578434e-4,0.8882658207604032
837,Control,1,1,0,0,2,1.5027620440932172,0.14,0.26955767802016045,1.9123197221133779
838,Control,0,1,0,0,1,1.1375053584673085,0.07,-0.27913628151291886,0.9283690769543897
839,Control,0,0,0,0,0,0.8173078220733156,0,0.02691984173899279,0.8442276638123084
840,Control,1,0,1,0,2,1.373166240672716,0.14,-0.1552945914349233,1.3578716492377927
841,Control,0,0,0,1,1,0.8748279402520593,0.07,0.01925829657496156,0.964086236827021
842,Control,0,0,0,1,1,1.5067270759423925,0.07,0.042658241267577,1.6193853172099697
843,Control,1,0,1,0,2,1.009005758962024,0.14,0.186067548795851,1.3350733077578751
844,Control,0,0,0,0,0,0.6833823160357583,0,-0.05754561366047927,0.625836702375279
845,Control,1,0,1,0,2,1.132658255243843,0.14,-0.1545239795269442,1.1181342757168986
846,Control,1,0,0,1,2,1.3703443484937692,0.14,0.2162738685422209,1.7266182170359903
847,Control,1,0,0,1,2,0.7579620518875793,0.14,-0.2836836238188882,0.614278428068691
848,Control,1,0,0,0,1,0.6887164381184139,0.07,0.4487967717876493,1.2075132099060633
849,Control,0,0,0,0,0,1.0844016978387414,0,-0.29189492133777317,0.7925067765009682
850,Control,1,0,0,0,1,0.44857361583565125,0.07,0.19009024879244085,0.7086638646280922
851,Control,1,0,0,1,2,0.9016070959398895,0.14,0.3252850850211124,1.366892180961002
852,RA Farmer,0,0,1,0,1,0.9552962143845903,0.07,-0.3689962910311057,0.6562999233534845
853,RA Farmer,1,1,0,1,3,1.4610634105718445,0.21000000000000002,-0.3303388468792313,1.3407245636926133
854,RA Farmer,1,1,0,0,2,1.0865881040085457,0.14,0.2698470044157524,1.4964351084242982
855,RA Farmer,1,0,1,1,3,0.8847978732213619,0.21000000000000002,-0.13495154269336504,0.9598463305279968
856,RA Farmer,1,0,1,0,2,2.052496109332181,0.14,0.06152959958535668,2.254025708917538
857,RA Farmer,1,1,1,1,4,1.3385405686833043,0.28,0.8656182547705819,2.4841588234538863
858,RA Farmer,0,0,1,0,1,1.3165909824280595,0.07,-0.030392191218340515,1.356198791209719
859,RA Farmer,1,0,1,0,2,0.7361532668795088,0.14,0.027902610189442335,0.9040558770689511
860,RA Farmer,0,1,0,0,1,1.4038412320995042,0.07,-0.29595466729148395,1.1778865648080203
861,RA Farmer,0,0,0,0,0,1.4564481469884278,0,0.10103031381338873,1.5574784608018166
862,RA Farmer,1,0,1,0,2,1.2074459110819735,0.14,-0.32688751044651393,1.0205584006354596
863,RA Farmer,1,1,1,1,4,0.6623076173797814,0.28,0.1554054170999791,1.0977130344797605
864,RA Farmer,1,0,1,1,3,1.5361984123255028,0.21000000000000002,-0.3366992292166633,1.4094991831088395
865,RA Farmer,1,1,1,0,3,1.8207658003974223,0.21000000000000002,-0.24105507511172328,1.789710725285699
866,RA Farmer,0,0,1,0,1,1.1795367952425897,0.07,-0.17153987588562639,1.0779969193569634
867,RA Farmer,1,0,1,0,2,1.0685691073374284,0.14,0.1496847930965078,1.3582539004339362
868,RA Farmer,1,0,0,1,2,1.2102065357689038,0.14,0.28412507579031054,1.6343316115592144
869,RA Farmer,1,1,0,0,2,1.7161199488741887,0.14,0.2174737598124676,2.0735937086866563
870,RA Farmer,1,1,1,1,4,0.9221182909811558,0.28,-0.3028933657257702,0.8992249252553857
871,RA Farmer,0,0,1,1,2,1.4520744990468135,0.14,-0.06822568208196138,1.523848816964852
872,RA Farmer,0,1,0,0,1,0.6629651263930368,0.07,-0.12559995399474674,0.60736517239829
873,RA Farmer,1,0,0,1,2,0.920888261165922,0.14,-0.2820394242912073,0.7788488368747147
874,RA Farmer,0,0,0,0,0,0.6737126957370028,0,-0.002452053736269298,0.6712606420007334
875,RA Farmer,1,0,1,0,2,1.2662644166869987,0.14,0.1588831547809424,1.5651475714679413
876,RA Farmer,1,0,1,1,3,0.9109306906164987,0.21000000000000002,0.072352098827213,1.1932827894437117
877,RA Farmer,1,0,1,0,2,0.8856471131462248,0.14,0.3117080665599626,1.3373551797061873
878,RA Farmer,1,0,0,0,1,0.9305126587101151,0.07,-0.003729496079988877,0.9967831626301263
879,RA Farmer,0,1,1,0,2,1.037498989995059,0.14,-0.08125355912683274,1.0962454308682266
880,RA Farmer,1,0,1,0,2,1.1479152613705155,0.14,0.035569072945866545,1.323484334316382
881,RA Farmer,0,0,1,1,2,1.6958933473577233,0.14,-0.09047949247235461,1.7454138548853688
882,RA Farmer,1,1,1,0,3,1.5781539397409128,0.21000000000000002,0.03808334696941628,1.826237286710329
883,RA Farmer,1,0,0,0,1,1.0848158189226198,0.07,-0.04733095007574073,1.1074848688468792
884,RA Farmer,0,0,0,1,1,1.4153025022810128,0.07,0.025100971825410684,1.5104034741064236
885,RA Farmer,0,1,0,1,2,1.2334011354338708,0.14,-0.16121308479731192,1.2121880506365588
886,RA Farmer,1,1,1,0,3,1.074349126010543,0.21000000000000002,0.046036081561958896,1.330385207572502
887,RA Farmer,1,0,1,0,2,1.3374542785211583,0.14,0.2646407115014013,1.7420949900225597
888,RA Farmer,1,1,1,1,4,1.2368911478484927,0.28,-0.4038067603718194,1.1130843874766734
889,RA Farmer,0,0,1,1,2,1.4095733671480901,0.14,-0.1675300802032382,1.382043286944852
890,RA Farmer,0,1,1,0,2,1.10336579583402,0.14,0.004232490467341595,1.2475982863013615
891,RA Farmer,1,0,1,0,2,1.0732317716454627,0.14,-0.19580850512924897,1.0174232665162135
892,RA Farmer,1,0,0,1,2,1.053951667413216,0.14,0.18547984847386356,1.3794315158870796
893,RA Farmer,1,0,0,0,1,1.397316711802394,0.07,-0.03389367361132013,1.4334230381910738
894,RA Farmer,1,1,0,0,2,1.3309655738140505,0.14,0.0932944690837992,1.5642600428978497
895,RA Farmer,1,0,1,1,3,1.4365404185861725,0.21000000000000002,0.014696812588997743,1.6612372311751702
896,RA Farmer,0,0,1,0,1,1.0164092117960766,0.07,-0.3756915805279321,0.7107176312681445
897,RA Farmer,1,0,1,1,3,1.063848829820726,0.21000000000000002,-0.310077191988181,0.9637716378325449
898,RA Farmer,1,0,1,0,2,0.8334745527155878,0.14,0.05696497723632524,1.0304395299519131
899,RA Farmer,1,1,0,0,2,0.7583948207643205,0.14,-0.027634714095209074,0.8707601066691114
900,RA Farmer,1,0,1,0,2,1.38280360964147,0.14,0.18265719321800902,1.7054608028594789
901,RA Farmer,1,0,0,0,1,0.7686303674431045,0.07,0.18643527592107853,1.0250656433641832
902,RA Farmer,1,0,1,0,2,1.0775071093662574,0.14,-0.35459211035010263,0.8629149990161546
903,RA Farmer,1,1,1,0,3,1.2100924335950156,0.21000000000000002,-0.028467290478274294,1.3916251431167412
904,RA Farmer,1,0,0,1,2,0.8606704500611746,0.14,0.11110719290513121,1.1117776429663058
905,RA Farmer,1,1,0,0,2,1.799751346366524,0.14,0.14331096166242696,2.083062308028951
906,RA Farmer,0,1,1,0,2,1.246606931108405,0.14,0.1507712644317216,1.5373781955401267
907,RA Farmer,1,1,1,0,3,1.261961716386183,0.21000000000000002,0.10704969174488957,1.5790114081310724
908,RA Farmer,1,0,0,1,2,1.3155509332119841,0.14,0.39243907207138595,1.8479900052833702
909,RA Farmer,1,1,0,0,2,1.1421400824456664,0.14,-0.2862713181008108,0.9958687643448556
910,RA Farmer,1,0,0,0,1,0.7264641232567512,0.07,-0.270999184093117,0.5254649391636343
911,RA Farmer,1,0,0,0,1,1.2604107269737408,0.07,-0.20700878002441023,1.1234019469493306
912,RA Farmer,1,1,0,0,2,0.7644641668746104,0.14,0.19873737036745712,1.1032015372420676
913,RA Farmer,0,0,1,0,1,1.3544106647599032,0.07,0.3705583240710847,1.794968988830988
914,RA Farmer,0,1,0,0,1,1.1678468009766367,0.07,0.00536306360245227,1.243209864579089
915,RA Farmer,0,0,0,0,0,1.2987719127696689,0,-0.19044510968926026,1.1083268030804085
916,RA Farmer,1,0,1,0,2,0.9252053958941189,0.14,-0.22157371539026452,0.8436316805038545
917,RA Farmer,0,0,0,1,1,1.223632204334556,0.07,0.17453658218373092,1.4681687865182869
918,RA Farmer,1,1,0,0,2,1.0777116767791979,0.14,0.06328920501051698,1.281000881789715
919,RA Farmer,1,0,1,0,2,1.338974502252364,0.14,0.06330961113109418,1.5422841133834584
920,RA Farmer,1,1,0,0,2,1.131234389462651,0.14,-0.4352782753392006,0.8359561141234506
921,RA Farmer,0,0,1,1,2,1.200374264415821,0.14,-0.41965641924443126,0.9207178451713898
922,RA Farmer,0,1,1,1,3,1.056847638797981,0.21000000000000002,0.054238348246833504,1.3210859870448146
923,RA Farmer,0,0,1,1,2,0.8082817746893005,0.14,0.4073599413001258,1.3556417159894263
924,RA Farmer,1,0,0,0,1,1.198005031272255,0.07,-0.006795506261233125,1.261209525011022
925,RA Farmer,1,0,1,0,2,1.1970027236340992,0.14,0.12414989640270967,1.461152620036809
926,RA Farmer,0,1,0,1,2,1.2023084732235214,0.14,0.04370964655241541,1.3860181197759367
927,RA Farmer,1,0,0,0,1,0.8561722741107217,0.07,-0.2942305656770805,0.6319417084336412
928,RA Farmer,1,1,1,1,4,1.4937125415165582,0.28,0.2466080774441189,2.0203206189606773
929,RA Farmer,1,0,0,0,1,1.3847163096544632,0.07,0.25633578937721835,1.7110520990316815
930,RA Farmer,1,0,1,0,2,1.1278998692610414,0.14,0.3428340490710101,1.6107339183320515
931,RA Farmer,1,0,1,1,3,1.3830088877752924,0.21000000000000002,-0.28354867528605576,1.3094602124892365
932,RA Farmer,0,1,0,1,2,0.7673940327284754,0.14,-0.16649320687457161,0.7409008258539038
933,RA Farmer,0,1,1,0,2,0.5125248300886459,0.14,0.4661693607116039,1.11869419080025
934,RA Farmer,0,1,0,1,2,1.291702544670094,0.14,-0.3688419543660714,1.0628605903040225
935,RA Farmer,0,1,0,1,2,1.676079427598378,0.14,-0.0868759586326977,1.7292034689656801
936,RA Farmer,1,0,1,1,3,1.022676700453497,0.21000000000000002,0.14149887555144322,1.3741755760049401
937,RA Farmer,1,1,0,0,2,1.2269002867125374,0.14,0.05809391698163607,1.4249942036941736
938,RA Farmer,1,1,1,0,3,1.3962946387927122,0.21000000000000002,0.058762331543515435,1.6650569703362277
939,RA Farmer,1,1,1,1,4,1.4886608495284293,0.28,-0.1658327293340703,1.602828120194359
940,RA Farmer,0,1,1,1,3,0.7623272460075754,0.21000000000000002,0.16737469307682412,1.1397019390843994
941,RA Farmer,1,0,1,0,2,1.2006916270680519,0.14,-0.29044380844164713,1.0502478186264046
942,RA Farmer,1,0,1,1,3,0.8922612323364364,0.21000000000000002,-0.10942464282155187,0.9928365895148846
943,RA Farmer,1,1,1,1,4,1.1257717848958992,0.28,-0.044888413778052715,1.3608833711178465
944,RA Farmer,1,0,1,0,2,0.9846894909952729,0.14,-0.17852849515612898,0.9461609958391439
945,RA Farmer,1,1,1,0,3,1.1454396954780728,0.21000000000000002,0.1766914244262698,1.5321311199043426
946,RA Farmer,1,1,0,1,3,1.1086210195696538,0.21000000000000002,-0.006235406541695868,1.3123856130279579
947,RA Farmer,1,0,0,0,1,0.8323745396620823,0.07,0.1495765981909809,1.0519511378530633
948,RA Farmer,1,0,0,1,2,1.086657461110033,0.14,0.028095354338860203,1.2547528154488934
949,RA Farmer,1,1,1,1,4,1.4629780998353596,0.28,-0.08096100905888204,1.6620170907764775
950,RA Farmer,1,0,1,1,3,1.1296750211015782,0.21000000000000002,0.16027853014439108,1.4999535512459694
951,RA Farmer,1,1,1,1,4,0.8527446518737154,0.28,0.4044957544835809,1.5372404063572964
952,RA Farmer,1,0,1,0,2,1.2081732866251464,0.14,0.15018750250846702,1.4983607891336135
953,RA Farmer,1,1,1,0,3,0.7529214710199802,0.21000000000000002,0.17868552496127726,1.1416069959812576
954,RA Farmer,1,0,0,1,2,0.9504954846951567,0.14,-0.004796690041532834,1.0856987946536238
955,RA Farmer,1,0,1,0,2,1.1291531017754521,0.14,0.2477678943307028,1.5169209961061552
956,RA Farmer,1,0,0,0,1,0.9258519287814441,0.07,0.028863250618509823,1.0247151793999538
957,RA Farmer,1,1,1,0,3,1.1082454406715103,0.21000000000000002,0.0730222651254595,1.3912677057969698
958,RA Farmer,0,0,1,0,1,1.5513304728917983,0.07,0.050320483103286566,1.671650955995085
959,RA Farmer,1,0,1,1,3,0.6385090334708354,0.21000000000000002,-0.09991754874414094,0.7485914847266945
960,RA Farmer,1,0,0,0,1,0.6294476064455601,0.07,0.12982256917302845,0.8292701756185886
961,RA Farmer,1,0,0,0,1,1.2042368207275322,0.07,-0.2986357844007205,0.9756010363268117
962,RA Farmer,1,0,1,1,3,1.0842707328302421,0.21000000000000002,-0.05360000483298835,1.2406707279972538
963,RA Farmer,1,0,0,0,1,1.1491515383450994,0.07,-0.24369378628326166,0.9754577520618378
964,RA Farmer,0,1,1,1,3,1.3429928114723317,0.21000000000000002,-0.2816344385503868,1.2713583729219449
965,RA Farmer,1,0,0,0,1,1.5140051950922944,0.07,0.06569570273461303,1.6497008978269074
966,RA Farmer,0,0,0,1,1,1.1013732908700484,0.07,-0.28409129565453223,0.8872819952155162
967,RA Farmer,1,1,1,0,3,1.4889547550259947,0.21000000000000002,-0.014840959271995772,1.6841137957539989
968,RA Farmer,1,1,0,1,3,1.7004714534273657,0.21000000000000002,-0.05787618468805662,1.852595268739309
969,RA Farmer,0,0,0,0,0,0.8746940625335531,0,-0.30232488314903505,0.572369179384518
970,RA Farmer,1,0,0,0,1,1.5306246922749214,0.07,-0.34723433204697235,1.253390360227949
971,RA Farmer,1,0,0,0,1,1.7162189143426563,0.07,0.09435830069797312,1.8805772150406295
972,RA Farmer,1,1,1,0,3,1.4465634680142396,0.21000000000000002,0.08130012637506222,1.7378635943893017
973,RA Farmer,1,1,1,0,3,1.467908139223638,0.21000000000000002,-0.0761940756930962,1.6017140635305418
974,RA Farmer,1,1,1,0,3,0.8963650119975961,0.21000000000000002,-0.1273578804354307,0.9790071315621653
975,RA Farmer,1,0,0,0,1,1.2546133392908752,0.07,-0.2930615188468801,1.031551820443995
976,RA Farmer,1,0,1,0,2,1.3122623696433733,0.14,-0.1888345167514612,1.2634278528919123
977,RA Farmer,1,1,0,0,2,1.1347812350351196,0.14,-0.3038359601955298,0.9709452748395899
978,RA Farmer,1,0,0,1,2,0.9572738357656523,0.14,0.27746809929792776,1.37474193506358
979,RA Farmer,1,0,0,1,2,1.2634956993498658,0.14,-0.37828426226147416,1.0252114370883918
980,RA Farmer,1,1,0,0,2,0.936928848943916,0.14,-0.2947340946512375,0.7821947542926786
981,RA Farmer,1,0,0,1,2,1.585115538525733,0.14,0.10919734463510455,1.8343128831608375
982,RA Farmer,1,1,0,1,3,1.6853698276824771,0.21000000000000002,-0.3326554629539429,1.5627143647285342
983,RA Farmer,1,0,0,1,2,1.2538574070893294,0.14,0.21761014663032868,1.611467553719658
984,RA Farmer,0,1,1,0,2,0.7372325107554254,0.14,0.040508397643045584,0.917740908398471
985,RA Farmer,1,0,0,0,1,1.4890659465216003,0.07,0.29131954249400605,1.8503854890156064
986,RA Farmer,1,1,1,0,3,0.9369210144175488,0.21000000000000002,-0.015464411209869293,1.1314566032076796
987,RA Farmer,0,1,1,0,2,1.5067804366069883,0.14,0.06012917389121536,1.7069096104982038
988,RA Farmer,1,0,0,1,2,1.7156192313084215,0.14,0.1085586455187701,1.9641778768271918
989,RA Farmer,1,0,1,1,3,1.2995970779817816,0.21000000000000002,0.04820032856391401,1.5577974065456957
990,RA Farmer,0,1,0,0,1,1.3774011536131836,0.07,0.0467590138222597,1.4941601674354434
991,RA Farmer,1,0,1,0,2,1.1840090663507739,0.14,0.06745166228526003,1.391460728636034
992,RA Farmer,1,0,1,1,3,1.0517142578491008,0.21000000000000002,-0.10259761107247414,1.1591166467766265
993,RA Farmer,0,0,0,1,1,0.9347929358830838,0.07,-0.05569300018018145,0.9490999357029024
994,RA Farmer,0,0,0,0,0,1.16485613007771,0,0.33628300712868875,1.501139137206399
995,RA Farmer,1,0,0,1,2,1.6167892596124984,0.14,0.07221224844341757,1.829001508055916
996,RA Farmer,1,1,0,0,2,1.4103667471508885,0.14,0.13307797000377913,1.6834447171546678
997,RA Farmer,1,0,0,1,2,1.1385468414749687,0.14,-0.07777924217543236,1.2007675992995364
998,RA Farmer,1,0,0,0,1,0.8903327868677473,0.07,0.19864211815391444,1.1589749050216618
999,RA Farmer,1,0,0,1,2,1.1017086507715697,0.14,0.1353425147554168,1.3770511655269864
1000,RA Farmer,1,1,1,1,4,0.9378537265119133,0.28,-0.04014462199317756,1.1777091045187358
1001,RA Farmer,0,1,1,0,2,1.4082055747438647,0.14,0.057693639108312406,1.6058992138521773
1002,RA Farmer,1,1,0,1,3,0.7983678417085597,0.21000000000000002,-0.13241324463286921,0.8759545970756906
1003,RA Farmer,0,0,1,1,2,1.2505906809402294,0.14,0.18250566884398273,1.5730963497842123
1004,RA Farmer,1,0,0,0,1,1.5434648015636134,0.07,-0.096568996976241,1.5168958045873726
1005,RA Farmer,1,0,1,0,2,1.3703087460057026,0.14,0.12727508662196035,1.637583832627663
1006,RA Farmer,1,0,1,0,2,1.1206697980071767,0.14,0.30991867573876486,1.5705884737459417
1007,RA Farmer,1,0,0,0,1,1.5101466712136982,0.07,0.392214880354642,1.9723615515683401
1008,RA Farmer,1,1,1,1,4,1.839441725213466,0.28,-0.17287828043914585,1.9465634447743205
1009,RA Farmer,1,1,1,0,3,1.1975691908204844,0.21000000000000002,-0.12976093139268882,1.2778082594277955
1010,RA Farmer,0,0,1,1,2,0.9436837642107583,0.14,0.10083214136407735,1.1845159055748358
1011,RA Farmer,1,0,0,0,1,1.0933540110616884,0.07,-0.12398264058395636,1.039371370477732
1012,RA Farmer,1,0,1,0,2,1.5434158625019367,0.14,-0.1335957362115866,1.5498201262903502
1013,RA Farmer,1,0,0,0,1,1.6937584007049107,0.07,0.4025371812081295,2.1662955819130403
1014,RA Farmer,1,0,1,0,2,1.1234765369937783,0.14,0.3897185757085463,1.6531951127023246
1015,RA Farmer,1,0,0,1,2,1.0836034090055877,0.14,0.141861685221754,1.3654650942273419
1016,RA Farmer,0,0,1,0,1,1.0919264428652786,0.07,0.27727829792532155,1.4392047407906001
1017,RA Farmer,1,1,0,1,3,0.7933366441637968,0.21000000000000002,-0.12954187131018832,0.8737947728536084
1018,RA Farmer,1,0,0,1,2,1.27881011952695,0.14,0.006371432643287752,1.4251815521702376
1019,RA Farmer,0,1,1,0,2,1.438067603510377,0.14,0.18475108911536103,1.762818692625738
1020,RA Farmer,1,0,1,0,2,1.1764074391138162,0.14,0.25163208260323805,1.5680395217170544
1021,RA Farmer,0,0,0,1,1,1.539850986430999,0.07,-0.17984697377669587,1.4300040126543032
1022,RA Farmer,1,0,1,0,2,1.328405478619086,0.14,-0.2705945489604231,1.1978109296586628
1023,RA Farmer,1,0,0,0,1,1.3044942524467003,0.07,0.4888722427465303,1.8633664951932305
1024,RA Farmer,1,0,1,1,3,1.3961603705105985,0.21000000000000002,0.4720711727679273,2.078231543278526
1025,RA Farmer,1,0,1,1,3,1.3122704213384033,0.21000000000000002,0.29796174208297654,1.8202321634213798
1026,RA Farmer,1,0,1,0,2,0.9841059981284832,0.14,0.1862839292411986,1.3103899273696817
1027,RA Farmer,1,1,0,0,2,1.6620403464066593,0.14,-0.2809844627936452,1.521055883613014
1028,RA Farmer,1,0,1,1,3,0.9754842966514652,0.21000000000000002,0.2638247441710971,1.4493090408225622
1029,RA Farmer,0,1,0,0,1,0.7852053628460649,0.07,-0.06388476334392502,0.79132059950214
1030,RA Farmer,0,1,0,1,2,1.0407372294684394,0.14,0.026918509972134963,1.2076557394405745
1031,RA Farmer,0,0,1,0,1,1.2596783202986042,0.07,-0.5278776775996512,0.801800642698953
1032,RA Farmer,1,0,1,0,2,0.8873266706259335,0.14,0.24740307917082038,1.2747297497967538
1033,RA Farmer,1,0,1,0,2,1.51781731620897,0.14,0.04549489370828064,1.7033122099172509
1034,RA Farmer,1,0,0,1,2,1.2650933458995313,0.14,-0.21616733192200038,1.1889260139775308
1035,RA Farmer,1,0,0,1,2,0.8838902856370339,0.14,-0.014324437467055518,1.0095658481699783
1036,RA Farmer,1,0,0,1,2,1.7810719185579722,0.14,-0.2671319062615343,1.653940012296438
1037,RA Farmer,0,0,1,0,1,1.2054561484950186,0.07,-0.11475602766473952,1.1607001208302792
1038,RA Farmer,1,0,0,1,2,0.8484720763170301,0.14,0.1449257476452714,1.1333978239623015
1039,RA Farmer,1,1,1,1,4,1.245749229373594,0.28,0.07308617941254951,1.5988354087861434
1040,RA Farmer,1,1,1,1,4,1.7653178879903415,0.28,0.14081832489907747,2.186136212889419
1041,RA Farmer,0,0,1,1,2,0.9504235076361462,0.14,-0.0763108215815874,1.014112686054559
1042,RA Farmer,1,1,0,1,3,0.7568821543148638,0.21000000000000002,0.39019936399743393,1.3570815183122977
1043,RA Farmer,1,0,1,0,2,1.0406985365510613,0.14,-0.2216408677948552,0.9590576687562062
1044,RA Farmer,1,0,0,0,1,1.3287686468245101,0.07,0.19163758196713546,1.5904062287916456
1045,RA Farmer,1,1,0,1,3,1.1102920901910716,0.21000000000000002,0.10810981824241693,1.4284019084334885
1046,RA Farmer,1,1,0,0,2,1.3163595328937587,0.14,-0.1067870616897829,1.349572471203976
1047,RA Farmer,1,0,0,0,1,0.9901194535312839,0.07,0.1418808564491047,1.2020003099803886
1048,RA Farmer,0,1,1,0,2,1.3293843962401666,0.14,0.47961328340941417,1.948997679649581
1049,RA Farmer,0,1,0,0,1,1.3370223050588252,0.07,-0.10023123777035695,1.3067910672884684
1050,RA Farmer,1,0,1,1,3,1.1628424608339387,0.21000000000000002,-0.24358104819940243,1.1292614126345362
1051,RA Farmer,0,1,1,0,2,1.278497649694681,0.14,-0.20767832794150684,1.2108193217531742
1052,RA Farmer,1,1,0,1,3,1.2796653508056435,0.21000000000000002,0.02060037190376575,1.5102657227094092
1053,RA Farmer,1,1,1,0,3,1.3254760032757358,0.21000000000000002,-0.16738952449604538,1.3680864787796905
1054,RA Farmer,1,1,0,0,2,1.6107042535526062,0.14,-0.22034574632240655,1.5303585072301997
1055,RA Farmer,1,1,1,1,4,1.5338102634628454,0.28,-0.14507033015170148,1.668739933311144
1056,RA Farmer,0,0,0,0,0,1.8223277741472819,0,0.19590226395862548,2.0182300381059073
1057,RA Farmer,1,1,1,0,3,1.8363793375585247,0.21000000000000002,0.06471444150569475,2.1110937790642192
1058,RA Farmer,1,1,1,0,3,1.136579926420589,0.21000000000000002,-0.5401894637758755,0.8063904626447134
1059,RA Farmer,1,1,1,0,3,1.2331441982002518,0.21000000000000002,-0.024287988143401742,1.41885621005685
1060,RA Farmer,1,0,0,1,2,0.8960090232839613,0.14,-0.0761900248412916,0.9598189984426698
1061,RA Farmer,1,1,1,0,3,0.6743739776998972,0.21000000000000002,-0.08914605197507935,0.7952279257248178
1062,RA Farmer,0,0,1,0,1,1.5108875520495377,0.07,-0.16689889931884855,1.4139886527306893
1063,RA Farmer,1,0,1,0,2,1.313323418864381,0.14,0.2763226191701703,1.7296460380345513
1064,RA Farmer,1,1,1,1,4,2.2012639548061523,0.28,-0.195659892074288,2.285604062731865
1065,RA Farmer,1,0,1,1,3,1.218075348116892,0.21000000000000002,0.016515751422896033,1.444591099539788
1066,RA Farmer,1,1,1,1,4,1.1361266721983485,0.28,0.21517705299910275,1.6313037251974514
1067,RA Farmer,0,0,0,0,0,1.4406106149485767,0,0.09524146894368074,1.5358520838922574
1068,RA Farmer,1,1,0,0,2,0.7317599867718917,0.14,-0.0013854888544242642,0.8703744979174675
1069,RA Farmer,1,0,0,0,1,0.952593044700728,0.07,-0.22323984884232667,0.7993531958584015
1070,RA Farmer,1,1,0,0,2,1.5246100945540768,0.14,-0.3480553399822822,1.3165547545717944
1071,RA Farmer,1,0,1,1,3,1.2740206732820456,0.21000000000000002,-0.1489721234135448,1.3350485498685007
1072,RA Farmer,1,0,0,0,1,1.2974737839294026,0.07,0.16653782197526779,1.5340116059046704
1073,RA Farmer,1,0,1,0,2,1.2337855200580998,0.14,-0.10091473169051368,1.2728707883675863
1074,RA Farmer,0,1,1,0,2,0.8327897899383325,0.14,-0.04107851513504711,0.9317112748032854
1075,RA Farmer,1,1,1,1,4,0.6671090707921924,0.28,-6.429244863974869e-4,0.946466146305795
1076,RA Farmer,1,1,1,0,3,0.700315955475913,0.21000000000000002,0.2435103921441941,1.1538263476201072
1077,RA Farmer,0,0,0,1,1,1.4248721763645382,0.07,-0.13845498078164079,1.3564171955828974
1078,RA Farmer,1,0,1,0,2,1.186956849780992,0.14,-0.12835892171286983,1.198597928068122
1079,RA Farmer,1,1,0,1,3,1.1842096480832869,0.21000000000000002,0.18737996399674461,1.5815896120800315
1080,RA Farmer,1,1,0,1,3,1.4772671098554913,0.21000000000000002,-0.04241785718753366,1.6448492526679575
1081,RA Farmer,1,1,0,1,3,1.557427785219923,0.21000000000000002,0.13488114249376312,1.902308927713686
1082,RA Farmer,0,1,1,1,3,0.7904049192252547,0.21000000000000002,0.048938741715705295,1.0493436609409599
1083,RA Farmer,1,0,0,1,2,1.3448759242877866,0.14,0.38996856561936516,1.8748444899071517
1084,RA Farmer,1,0,0,0,1,1.6852155823396988,0.07,0.1406911947934409,1.8959067771331397
1085,RA Farmer,1,1,1,1,4,1.7073611270088007,0.28,-0.10954890084484388,1.877812226163957
1086,RA Farmer,1,0,0,0,1,1.2013328985028704,0.07,-0.04204924299029034,1.2292836555125801
1087,RA Farmer,0,0,1,1,2,1.4785388920349676,0.14,0.1875458171938264,1.8060847092287942
1088,RA Farmer,1,0,1,1,3,1.4194465288756979,0.21000000000000002,0.0419441158828327,1.6713906447585305
1089,RA Farmer,1,1,1,0,3,1.7288687602271962,0.21000000000000002,-0.33794190090573545,1.6009268593214607
1090,RA Farmer,1,0,0,0,1,1.7280918423631264,0.07,0.02815472572189627,1.8262465680850228
1091,RA Farmer,0,1,0,1,2,0.9115236919252803,0.14,0.19202253262817198,1.243546224553452
1092,RA Farmer,1,0,0,0,1,0.9636515856577844,0.07,-0.20530564903575696,0.8283459366220274
1093,RA Farmer,0,1,1,0,2,1.8231179924916852,0.14,0.15851545541290418,2.1216334479045895
1094,RA Farmer,1,0,1,0,2,1.3337834064555063,0.14,-0.205006306821238,1.2687770996342682
1095,RA Farmer,1,1,0,0,2,1.0746491233096487,0.14,0.05752023861312196,1.2721693619227707
1096,RA Farmer,1,1,0,1,3,1.3725420325167537,0.21000000000000002,0.10469255900213051,1.6872345915188842
1097,RA Farmer,1,0,1,0,2,1.0942042763934574,0.14,-0.36233879893018556,0.8718654774632719
1098,RA Farmer,1,0,1,0,2,1.4084199249227733,0.14,-0.031837620234705405,1.516582304688068
1099,RA Farmer,0,1,1,0,2,0.9966085248928899,0.14,-0.003360974717940863,1.133247550174949
1100,RA Farmer,1,1,0,0,2,1.3767684594810452,0.14,-0.2331969577183641,1.283571501762681
1101,RA Farmer,1,1,0,0,2,1.6277371240876157,0.14,-0.029094494669379696,1.738642629418236
1102,RA Farmer,1,1,0,0,2,1.3472892897788957,0.14,0.004331093639886349,1.491620383418782
1103,RA Farmer,1,0,0,1,2,1.2647985702574243,0.14,-0.20490451063509343,1.1998940596223309
1104,RA Farmer,1,1,1,1,4,0.6339164920867074,0.28,0.10486824969891571,1.018784741785623
1105,RA Farmer,1,1,1,0,3,1.133257509855437,0.21000000000000002,-0.15151993759221266,1.1917375722632242
1106,RA Farmer,1,0,1,1,3,1.2099969073765966,0.21000000000000002,-0.23364959774184926,1.1863473096347472
1107,RA Farmer,0,0,0,1,1,1.3563045898210453,0.07,0.21042479553707022,1.6367293853581155
1108,RA Farmer,1,0,0,0,1,1.1089509774565502,0.07,-0.037705635871204665,1.1412453415853456
1109,RA Farmer,0,0,0,1,1,1.1784997964595891,0.07,0.2907993670003898,1.539299163459979
1110,RA Farmer,0,1,0,1,2,1.2971586286530241,0.14,-0.27085965708479925,1.1662989715682248
1111,RA Farmer,1,1,1,0,3,0.9963550951273051,0.21000000000000002,0.01852749652403648,1.2248825916513417
1112,RA Farmer,1,0,1,0,2,1.2518836315351718,0.14,-0.0468599623554225,1.3450236691797492
1113,RA Farmer,0,1,0,0,1,1.2188014044818116,0.07,-0.3229883462482644,0.9658130582335474
1114,RA Farmer,1,1,0,0,2,0.7807517149841043,0.14,0.14580796136804802,1.0665596763521523
1115,RA Farmer,1,0,0,0,1,1.0469347469831765,0.07,0.08927060165001366,1.20620534863319
1116,RA Farmer,1,1,0,0,2,1.1329438118908661,0.14,0.06084930050970969,1.333793112400576
1117,RA Farmer,0,1,1,0,2,1.1322691245490788,0.14,-0.060537489726160215,1.2117316348229186
1118,RA Farmer,0,0,1,0,1,0.8255534807298253,0.07,0.24483984962456035,1.1403933303543856
1119,RA Farmer,1,0,0,1,2,1.4342741283301081,0.14,-0.054919067531649005,1.5193550607984592
1120,RA Farmer,0,0,0,0,0,1.5533215994695324,0,-0.16115284837552146,1.3921687510940108
1121,RA Farmer,1,1,1,1,4,1.1502816883364806,0.28,0.0539592366679288,1.4842409250044095
1122,RA Farmer,0,0,0,1,1,0.8442340124059445,0.07,-0.1346920296629004,0.7795419827430441
1123,RA Farmer,1,0,0,0,1,1.366786663308635,0.07,-0.5269573274416507,0.9098293358669843
1124,RA Farmer,1,0,1,0,2,1.3623329214807176,0.14,0.05506707775236909,1.5573999992330867
1125,RA Farmer,0,0,1,1,2,0.8907818251066786,0.14,-0.04450798694124352,0.9862738381654352
1126,RA Farmer,0,1,1,0,2,1.1452856887197027,0.14,0.13062606228461415,1.4159117510043169
1127,RA Farmer,1,1,1,0,3,1.2998844444339945,0.21000000000000002,0.10778045108365603,1.6176648955176505
1128,RA Farmer,0,0,1,0,1,0.8186223854869514,0.07,0.04913772102157056,0.937760106508522
1129,RA Farmer,1,0,1,0,2,1.1783508162381082,0.14,-0.07256934338803277,1.2457814728500756
1130,RA Farmer,1,1,1,0,3,0.6948712966232135,0.21000000000000002,-0.15386009034902828,0.7510112062741853
1131,RA Farmer,1,0,0,0,1,1.1606496555988002,0.07,0.1339156764684781,1.3645653320672784
1132,RA Farmer,1,0,1,0,2,1.1090690028073291,0.14,0.357569477307047,1.606638480114376
1133,RA Farmer,1,0,1,0,2,1.2188682932733006,0.14,-0.17801481041188438,1.1808534828614161
1134,RA Farmer,1,0,0,1,2,1.4192928958929605,0.14,0.24674607880316315,1.8060389746961236
1135,RA Farmer,1,1,0,0,2,1.0985386226801854,0.14,0.3730818998586558,1.6116205225388411
1136,RA Farmer,1,0,1,1,3,1.7505909673384155,0.21000000000000002,0.31329472573609535,2.2738856930745106
1137,RA Farmer,1,1,0,1,3,0.9809400554482564,0.21000000000000002,-0.08337283101904071,1.1075672244292156
1138,RA Farmer,1,0,0,1,2,1.44475205108863,0.14,0.023789429739943586,1.6085414808285738
1139,RA Farmer,1,1,1,1,4,1.250491367767798,0.28,-0.312048536196258,1.21844283157154
1140,RA Farmer,1,1,0,1,3,1.3528984075084227,0.21000000000000002,-0.051893404744910936,1.5110050027635118
1141,RA Farmer,1,1,1,1,4,1.7029826766288458,0.28,-0.10479453995031048,1.8781881366785353
1142,RA Farmer,0,0,1,1,2,0.8837541573555483,0.14,0.1773153415754677,1.201069498931016
1143,RA Farmer,1,0,0,0,1,1.5085842671427971,0.07,-0.1528316359819044,1.4257526311608928
1144,RA Farmer,1,1,0,0,2,0.8057769921068498,0.14,-0.1303034024862824,0.8154735896205675
1145,RA Farmer,1,1,0,0,2,1.3234477182723559,0.14,0.017853199983407442,1.4813009182557633
1146,RA Farmer,1,0,1,1,3,0.745804366604385,0.21000000000000002,-0.1773067091767809,0.778497657427604
1147,RA Farmer,1,0,1,0,2,0.9445964556946833,0.14,-0.34174767950414325,0.74284877619054
1148,RA Farmer,1,1,1,0,3,1.0059968408292044,0.21000000000000002,0.08738119239290215,1.3033780332221065
1149,RA Farmer,1,0,0,1,2,0.5746955776878105,0.14,-0.3436813523858955,0.5
1150,RA Farmer,1,1,1,1,4,1.089013161528732,0.28,-0.06621310143360469,1.3028000600951273
1151,RA Farmer,0,1,0,0,1,0.7939674588007161,0.07,0.22754312349852723,1.0915105822992432
1152,RA Farmer,1,1,1,0,3,-0.012982904838480414,0.21000000000000002,0.07797394928763461,0.5
1153,RA Farmer,0,0,0,0,0,1.1502617890907485,0,0.11635845056950747,1.266620239660256
1154,RA Farmer,0,0,1,1,2,1.4006139269778455,0.14,-0.20039349747898305,1.3402204294988627
1155,RA Farmer,1,0,0,1,2,0.8422978686260997,0.14,-0.2539076379027964,0.7283902307233032
1156,RA Farmer,0,0,1,1,2,1.01284480772858,0.14,0.16491342647240392,1.317758234200984
1157,RA Farmer,1,0,1,1,3,1.2516591930477683,0.21000000000000002,-0.24380137839350993,1.2178578146542582
1158,RA Farmer,1,1,1,0,3,1.1153949497657074,0.21000000000000002,0.2656719449037512,1.5910668946694586
1159,RA Farmer,0,0,0,1,1,1.07369465922164,0.07,0.07195003128471207,1.2156446905063523
1160,RA Farmer,1,1,0,0,2,1.5705406111443536,0.14,0.009650892060856262,1.72019150320521
1161,RA Farmer,1,0,0,1,2,1.613165972422622,0.14,0.06211569887610933,1.8152816712987314
1162,RA Farmer,1,0,1,1,3,1.143522251126983,0.21000000000000002,-0.25092279701295056,1.1025994541140323
1163,RA Farmer,1,1,1,0,3,1.3778870423232334,0.21000000000000002,0.09622389924728464,1.684110941570518
1164,RA Farmer,1,1,0,1,3,1.1179910769227193,0.21000000000000002,0.20541709412337156,1.5334081710460907
1165,RA Farmer,1,0,1,0,2,1.2431417383073862,0.14,-0.18989169002880735,1.1932500482785788
1166,RA Farmer,1,0,1,0,2,1.008715017396896,0.14,-0.035108424681569106,1.113606592715327
1167,RA Farmer,1,0,0,0,1,0.9230452044319242,0.07,-0.17017949314200367,0.8228657112899206
1168,RA Farmer,1,1,1,0,3,1.657599706355971,0.21000000000000002,0.019195022911263893,1.886794729267235
1169,RA Farmer,1,1,1,0,3,1.572348974521226,0.21000000000000002,-0.0874593020239697,1.6948896724972562
1170,RA Farmer,1,0,1,1,3,1.3622344204387715,0.21000000000000002,0.1960172999729445,1.768251720411716
1171,RA Farmer,1,0,1,0,2,0.5272662458088718,0.14,-0.2361884666959084,0.5
1172,RA Farmer,1,0,0,0,1,1.0305674281386101,0.07,-0.02021212956695173,1.0803552985716585
1173,RA Farmer,0,0,0,0,0,0.823593363788151,0,0.008212003592384588,0.8318053673805356
1174,RA Farmer,0,0,1,1,2,1.3932546963638033,0.14,-0.3626689254962365,1.1705857708675669
1175,RA Farmer,1,0,0,1,2,1.3734057403836708,0.14,-0.050798236644507604,1.4626075037391633
1176,RA Farmer,1,1,0,1,3,1.010908806086608,0.21000000000000002,-0.18401583408621353,1.0368929720003945
1177,RA Farmer,1,0,0,0,1,1.5129087670330659,0.07,-0.13308509471777719,1.4498236723152886
1178,RA Farmer,0,0,0,0,0,1.4607934946408163,0,0.14241927386881095,1.6032127685096274
1179,RA Farmer,1,0,0,1,2,0.9243758137401787,0.14,0.16037428307636176,1.2247500968165406
1180,RA Farmer,0,0,0,1,1,1.1844210609319066,0.07,-0.2555050879366734,0.9989159729952333
1181,RA Farmer,1,1,0,0,2,1.1818750069263766,0.14,-0.019348678066570934,1.3025263288598057
1182,RA Farmer,1,1,1,0,3,1.046389150982324,0.21000000000000002,-0.31651605173278163,0.9398730992495423
1183,RA Farmer,1,0,0,0,1,0.9859164445655942,0.07,0.16801100916337358,1.2239274537289677
1184,RA Farmer,1,1,0,1,3,1.3189164131015858,0.21000000000000002,-0.11158535881654318,1.4173310542850426
1185,RA Farmer,1,0,0,0,1,1.5904885526658012,0.07,0.19745053777137198,1.8579390904371733
1186,RA Farmer,0,0,0,0,0,1.3047724242400704,0,-0.25270708503042444,1.052065339209646
1187,RA Farmer,1,1,0,0,2,1.4678319454537971,0.14,0.25577334950948694,1.863605294963284
1188,RA Farmer,1,0,1,1,3,0.9184749477141225,0.21000000000000002,-0.12186272724865616,1.0066122204654664
1189,RA Farmer,1,1,0,1,3,0.9156930686398174,0.21000000000000002,-0.1600762754271359,0.9656167932126816
1190,RA Farmer,0,0,0,0,0,1.3236246451484275,0,-0.08907633977396522,1.2345483053744624
1191,RA Farmer,1,0,1,0,2,0.931581534779358,0.14,-0.21716713402321758,0.8544144007561405
1192,RA Farmer,1,1,1,1,4,1.249074824339696,0.28,-0.4390967999278151,1.089978024411881
1193,RA Farmer,1,0,1,1,3,0.8829555753075374,0.21000000000000002,0.002420477676149216,1.0953760529836867
1194,RA Farmer,1,0,0,0,1,1.0838554575877415,0.07,0.3629732024108291,1.5168286599985707
1195,RA Farmer,0,1,0,0,1,0.8687408425325642,0.07,0.018929312894076383,0.9576701554266407
1196,RA Farmer,1,0,1,1,3,1.1457528659095426,0.21000000000000002,0.05305099125676746,1.40880385716631
1197,RA Farmer,1,1,1,0,3,1.0235537387481684,0.21000000000000002,0.3406807375703964,1.5742344763185647
1198,RA Farmer,1,1,1,0,3,1.5214855085223191,0.21000000000000002,-0.050717678240929966,1.680767830281389
1199,RA Farmer,0,1,1,1,3,1.321817764047199,0.21000000000000002,-0.1761395200425172,1.355678244004682
1200,RA Farmer,1,1,0,1,3,1.201126289430037,0.21000000000000002,0.06789453734035346,1.4790208267703904
1201,RA Farmer,1,0,0,0,1,0.9540334147788141,0.07,-0.011041465723700778,1.0129919490551134
1202,RA Farmer,1,0,1,1,3,1.3449853356329107,0.21000000000000002,-0.06235202430029806,1.4926333113326127
1203,RA Farmer,1,1,1,0,3,1.312997190173915,0.21000000000000002,0.04699772027358548,1.5699949104475004
1204,RA Farmer,1,0,0,1,2,1.0191415281610166,0.14,-0.05747002171411034,1.1016715064469063
1205,RA Farmer,0,0,0,1,1,1.624902430457543,0.07,-0.15710918993588519,1.537793240521658
1206,RA Farmer,0,0,1,1,2,1.36717019550395,0.14,-0.34227330937738376,1.164896886126566
1207,RA Farmer,0,1,1,0,2,1.4943723939718492,0.14,-0.19341523027319835,1.440957163698651
1208,RA Farmer,1,1,1,0,3,1.0241451422922356,0.21000000000000002,-0.1415260724064533,1.0926190698857823
1209,RA Farmer,1,0,0,0,1,1.4817511726661734,0.07,0.05536400247885485,1.6071151751450283
1210,RA Farmer,1,0,1,1,3,1.1805896841746863,0.21000000000000002,-0.04842022296997622,1.3421694612047101
1211,RA Farmer,0,0,0,0,0,1.1236724379091394,0,-0.150393732167439,0.9732787057417004
1212,RA Farmer,0,0,0,0,0,0.9399141808903921,0,-0.26532561490108747,0.6745885659893047
1213,RA Farmer,1,1,0,0,2,0.5377329569200614,0.14,0.007214192357474964,0.6849471492775364
1214,RA Farmer,1,1,1,0,3,0.9253696645738442,0.21000000000000002,0.22722938658161188,1.3625990511554562
1215,RA Farmer,0,1,1,0,2,1.1265108365960543,0.14,-0.15479864213042357,1.111712194465631
1216,RA Farmer,1,1,0,0,2,1.5228734555160477,0.14,0.23697585258575637,1.8998493081018042
1217,RA Farmer,1,0,1,1,3,1.2960305153372909,0.21000000000000002,-0.1285768660575079,1.3774536492797829
1218,RA Farmer,1,0,1,1,3,1.2386323953715288,0.21000000000000002,0.5019747978353187,1.9506071932068476
1219,RA Farmer,1,1,1,1,4,1.2323422796413346,0.28,-0.08117576363072589,1.4311665160106086
1220,RA Farmer,0,0,1,1,2,1.2802554937725232,0.14,0.19165444957807065,1.611909943350594
1221,RA Farmer,1,0,1,0,2,1.2353582405639847,0.14,0.09494315947702041,1.470301400041005
1222,RA Farmer,1,0,0,0,1,0.9231890677150909,0.07,-0.030617189629217098,0.9625718780858739
1223,RA Farmer,1,1,1,1,4,1.5972446690539188,0.28,-0.21599039076354687,1.661254278290372
1224,RA Farmer,1,0,1,0,2,1.0998748756050098,0.14,0.05379354066552994,1.2936684162705396
1225,RA Farmer,0,0,1,0,1,1.65411043208732,0.07,0.2037432081050212,1.9278536401923412
1226,RA Farmer,0,1,0,0,1,0.8185948568759491,0.07,-0.02520493525221385,0.8633899216237353
1227,RA Farmer,1,1,1,0,3,1.0254506408822956,0.21000000000000002,-0.0456159723881017,1.1898346684941938
1228,RA Farmer,1,0,1,0,2,0.8619174152137024,0.14,0.37588284109449605,1.3778002563081984
1229,RA Farmer,0,0,0,1,1,1.1985552954165204,0.07,-0.16412209678720488,1.1044331986293157
1230,RA Farmer,1,0,0,1,2,1.1809814455061762,0.14,-0.059040857365751445,1.2619405881404246
1231,RA Farmer,0,0,1,0,1,1.3733897017908103,0.07,-0.11796256704895197,1.3254271347418585
1232,RA Farmer,1,0,1,1,3,1.378804316879231,0.21000000000000002,0.36689899205524656,1.9557033089344775
1233,RA Farmer,1,1,0,0,2,1.2279348289342806,0.14,0.19700460772614425,1.564939436660425
1234,RA Farmer,1,1,1,1,4,1.6416231275339155,0.28,0.06937635921136943,1.990999486745285
1235,RA Farmer,0,1,1,1,3,1.398250048058857,0.21000000000000002,-0.06766976377715515,1.540580284281702
1236,RA Farmer,1,0,0,1,2,0.8675073433922278,0.14,0.2423194744925152,1.2498268178847431
1237,RA Farmer,1,0,0,0,1,1.2493150512883866,0.07,0.15259439634989574,1.4719094476382824
1238,RA Farmer,1,0,1,1,3,1.460521534908901,0.21000000000000002,0.0767534916308509,1.7472750265397519
1239,RA Farmer,1,0,1,1,3,1.0854108341178828,0.21000000000000002,-0.02485178916639999,1.2705590449514828
1240,RA Farmer,1,0,0,0,1,0.8613912756244428,0.07,0.04449763390050444,0.9758889095249473
1241,RA Farmer,0,0,1,0,1,1.602283852805364,0.07,-0.3581537111083921,1.314130141696972
1242,RA Farmer,1,1,0,0,2,1.0984903248952378,0.14,-0.509808323180714,0.7286820017145239
1243,RA Farmer,0,0,1,0,1,1.0337476743473741,0.07,0.12218932704686435,1.2259370013942386
1244,RA Farmer,0,0,0,1,1,1.1636630509762866,0.07,0.2863541210635168,1.5200171720398035
1245,RA Farmer,1,1,1,0,3,1.10845098302071,0.21000000000000002,-0.12306074680649795,1.1953902362142121
1246,RA Farmer,0,0,1,1,2,1.4213231024416475,0.14,0.3076757626912432,1.8689988651328906
1247,RA Farmer,1,1,1,0,3,1.333855227146293,0.21000000000000002,0.14045363745929884,1.6843088646055917
1248,RA Farmer,0,0,1,0,1,1.571988417972245,0.07,0.2898072848909176,1.9317957028631627
1249,RA Farmer,1,1,0,1,3,1.1635689199816817,0.21000000000000002,0.2877282352076382,1.6612971551893199
1250,RA Farmer,1,1,1,1,4,1.2403160010242882,0.28,-0.05803721669261239,1.4622787843316758
1251,RA Farmer,1,1,1,1,4,1.0382706073396757,0.28,0.10442087290473862,1.4226914802444144
1252,RA Farmer,1,1,0,1,3,1.3894000491716016,0.21000000000000002,0.03239602966013199,1.6317960788317336
1253,RA Farmer,1,0,0,0,1,0.850688106078863,0.07,-0.17585632744136181,0.7448317786375012
1254,RA Farmer,1,1,0,0,2,1.1966074599048804,0.14,0.059823620752829265,1.3964310806577096
1255,RA Farmer,1,0,0,1,2,1.3166935516374247,0.14,-0.082814072680235,1.3738794789571895
1256,RA Farmer,1,0,1,0,2,1.4140702493313881,0.14,0.1756083520090743,1.7296786013404626
1257,RA Farmer,1,1,0,0,2,1.0082678586629499,0.14,0.08690688509440211,1.235174743757352
1258,RA Farmer,1,0,0,1,2,1.0972456401473007,0.14,0.019825766777779984,1.2570714069250806
1259,RA Farmer,1,0,0,1,2,1.0489357122420075,0.14,0.27928142635098824,1.4682171385929956
1260,RA Farmer,0,0,0,1,1,1.4097420940824006,0.07,0.09806005042125232,1.577802144503653
1261,RA Farmer,1,0,0,0,1,1.434082614206613,0.07,0.3235246554886281,1.8276072696952412
1262,RA Farmer,1,1,1,0,3,1.0964447709647909,0.21000000000000002,-0.46487653780107796,0.8415682331637129
1263,RA Farmer,1,0,1,1,3,1.0160504651615825,0.21000000000000002,0.1541446210091695,1.380195086170752
1264,RA Farmer,1,0,0,1,2,1.1164130296253723,0.14,-0.3009952167993006,0.9554178128260715
1265,RA Farmer,1,1,1,1,4,0.7096378633050944,0.28,0.10588017282997096,1.0955180361350654
1266,RA Farmer,1,0,0,1,2,0.7305511289060006,0.14,-0.18262208989663048,0.6879290390093702
1267,RA Farmer,0,0,0,1,1,0.8141988916718015,0.07,-0.021907410854267784,0.8622914808175337
1268,RA Farmer,1,1,0,1,3,1.5239337566777356,0.21000000000000002,0.051055428852354125,1.7849891855300897
1269,RA Farmer,0,0,1,0,1,1.4362518651544858,0.07,0.2782828820896963,1.7845347472441822
1270,RA Farmer,1,0,0,1,2,0.9320565998141725,0.14,0.0019256603861914226,1.073982260200364
1271,RA Farmer,1,1,1,0,3,1.3943589446947557,0.21000000000000002,0.2577590347602492,1.862117979455005
1272,RA Farmer,1,0,1,0,2,1.1222068141125696,0.14,0.14300392461447917,1.405210738727049
1273,RA Farmer,1,1,1,0,3,1.3226057343215416,0.21000000000000002,-0.18442700436538115,1.3481787299561605
1274,RA Farmer,1,0,0,0,1,1.5621265741726271,0.07,-0.0991634541617201,1.532963120010907
1275,RA Farmer,1,0,1,0,2,1.266814444691287,0.14,-0.6220924515752249,0.7847219931160623
1276,RA Farmer,1,0,0,1,2,1.4390989244508412,0.14,-0.13855211763090045,1.440546806819941
1277,RA Farmer,1,1,0,1,3,1.4343849092870926,0.21000000000000002,0.05978023513185981,1.7041651444189523
1278,RA Farmer,1,1,0,0,2,1.5774885102181682,0.14,-0.013734593234520349,1.7037539169836478
1279,RA Farmer,1,1,0,0,2,1.489279335413403,0.14,-0.17367597873904955,1.4556033566743536
1280,RA Farmer,1,0,1,1,3,1.5145240330006473,0.21000000000000002,-0.13362857879076706,1.59089545420988
1281,RA Farmer,0,0,0,0,0,1.0412087982984521,0,0.03388251240818135,1.0750913107066336
1282,RA Farmer,1,0,0,1,2,1.1313091899399834,0.14,0.014502174992086534,1.28581136493207
1283,RA Farmer,1,0,0,0,1,1.4099810868510292,0.07,-0.4396732257093877,1.0403078611416414
1284,RA Farmer,1,0,1,0,2,1.1532678722814569,0.14,-0.1841790823877337,1.1090887898937234
1285,RA Farmer,1,1,0,1,3,1.4435917968952423,0.21000000000000002,-0.01436315682537031,1.639228640069872
1286,RA Farmer,1,1,0,0,2,1.1300428523523867,0.14,0.17461060808718454,1.444653460439571
1287,RA Farmer,1,1,0,0,2,1.4035553969389332,0.14,-0.41017536384176484,1.1333800330971684
1288,RA Farmer,1,1,1,0,3,0.699019584008605,0.21000000000000002,-0.014583544584501227,0.8944360394241039
1289,RA Farmer,1,0,0,1,2,1.0760168082623758,0.14,-0.25901891010809336,0.9569978981542826
1290,RA Farmer,1,0,1,0,2,1.2765956381667753,0.14,0.158780399542079,1.5753760377088546
1291,RA Farmer,1,1,1,1,4,1.8914171583756867,0.28,-0.08956297107261917,2.0818541873030676
1292,RA Farmer,1,1,1,0,3,1.029021188859434,0.21000000000000002,-0.07881574952602677,1.1602054393334074
1293,RA Farmer,1,0,1,0,2,1.3699494526405573,0.14,-0.1674335282839814,1.3425159243565759
1294,RA Farmer,1,0,0,0,1,1.595285425642001,0.07,-0.31077710073571496,1.3545083249062861
1295,RA Farmer,0,1,0,1,2,0.9709387363898707,0.14,-0.25660495223494867,0.8543337841549221
1296,RA Farmer,1,0,0,1,2,0.7333297560275278,0.14,-0.09036231473973177,0.782967441287796
1297,RA Farmer,1,1,1,1,4,1.0566720031863293,0.28,0.1068481119427079,1.443520115129037
1298,RA Farmer,1,1,1,1,4,1.3633141803190079,0.28,0.07084120165190802,1.7141553819709159
1299,RA Farmer,1,0,0,0,1,0.9214520949958753,0.07,0.35256558883080574,1.344017683826681
1300,RA Farmer,1,0,1,0,2,0.9880515098435692,0.14,0.053201582901280436,1.1812530927448497
1301,RA Farmer,0,1,0,0,1,1.412850276810418,0.07,-0.0989838339433598,1.3838664428670584
1302,RA Farmer,0,0,0,1,1,1.1954382898164466,0.07,0.10889418710882802,1.3743324769252747
1303,RA Farmer,1,0,0,0,1,1.5698458729640488,0.07,-0.06726426668419926,1.5725816062798497
1304,RA Farmer,1,1,0,0,2,0.648070742566161,0.14,0.26834449678725475,1.0564152393534159
1305,RA Farmer,1,0,0,1,2,1.2224957715955114,0.14,0.014578088924765248,1.3770738605202768
1306,RA Farmer,0,0,1,1,2,1.2043987916476493,0.14,0.4708891949070053,1.8152879865546545
1307,RA Farmer,1,1,1,1,4,1.41801621342417,0.28,-0.4539860120338906,1.2440302013902795
1308,RA Farmer,0,0,0,0,0,1.5921019032622887,0,-0.2545324194946414,1.3375694837676473
1309,RA Farmer,0,0,1,1,2,1.4407943742853748,0.14,0.14930117817425503,1.7300955524596298
1310,RA Farmer,1,1,1,0,3,1.02666359713496,0.21000000000000002,0.12398715502862492,1.3606507521635849
1311,RA Farmer,1,0,1,0,2,1.310429694703087,0.14,-0.0019215165782273677,1.4485081781248594
1312,RA Farmer,1,0,1,1,3,1.8102783325700704,0.21000000000000002,-0.42345230468148326,1.596826027888587
1313,RA Farmer,1,0,0,0,1,1.060122837820734,0.07,-0.17123186883550578,0.9588909689852282
1314,RA Farmer,1,0,1,0,2,1.0025003424528103,0.14,0.21187902543852238,1.3543793678913325
1315,RA Farmer,1,0,1,0,2,1.344358855959655,0.14,0.2006206319479311,1.6849794879075861
1316,RA Farmer,1,0,0,1,2,1.9247240359332785,0.14,-0.10806918056188797,1.9566548553713905
1317,RA Farmer,1,0,1,0,2,0.6365195645227794,0.14,-0.0840623158999346,0.6924572486228447
1318,RA Farmer,1,1,1,0,3,0.8457278928272229,0.21000000000000002,-0.31336613280338066,0.7423617600238422
1319,RA Farmer,1,0,1,0,2,1.0895476542778975,0.14,-0.021318368552248432,1.208229285725649
1320,RA Farmer,1,1,0,1,3,0.9581856581260026,0.21000000000000002,0.08066705458802687,1.2488527127140294
1321,RA Farmer,1,0,1,0,2,1.5548014508797123,0.14,0.11968106996022149,1.8144825208399338
1322,RA Farmer,1,1,0,1,3,1.0800102148660986,0.21000000000000002,0.40017799454678116,1.6901882094128797
1323,RA Farmer,0,1,1,1,3,1.720296083995989,0.21000000000000002,0.28287170112614396,2.213167785122133
1324,RA Farmer,0,0,0,1,1,0.8065461698891782,0.07,0.17005240003174152,1.0465985699209197
1325,RA Farmer,1,0,0,0,1,1.1805685675375124,0.07,-0.24725742964922343,1.003311137888289
1326,RA Farmer,0,0,1,1,2,1.1664023923077171,0.14,0.008759988491005663,1.315162380798723
1327,RA Farmer,0,1,0,1,2,1.57308630061935,0.14,0.15479328377637622,1.867879584395726
1328,RA Farmer,0,0,0,0,0,0.920287702642256,0,-0.17200293840591652,0.7482847642363395
1329,RA Farmer,0,0,1,0,1,1.0923030361828816,0.07,-0.20413099681279584,0.9581720393700859
1330,RA Farmer,1,1,1,1,4,1.3585590121772173,0.28,-0.3087293933185932,1.329829618858624
1331,RA Farmer,1,0,0,1,2,1.0508119850833704,0.14,-0.004619693242645657,1.1861922918407248
1332,RA Farmer,1,1,1,0,3,1.4967106536585502,0.21000000000000002,-0.20056160497740497,1.506149048681145
1333,RA Farmer,0,0,0,1,1,1.313506770281757,0.07,-0.17741727876851052,1.2060894915132467
1334,RA Farmer,0,1,1,0,2,1.355229321227032,0.14,-0.1028110348335663,1.392418286393466
1335,RA Farmer,1,1,0,1,3,1.2249432560330908,0.21000000000000002,-0.008724055906718072,1.4262192001263727
1336,RA Farmer,1,0,1,0,2,1.4523431047107667,0.14,0.0628849753038356,1.6552280800146024
1337,RA Farmer,1,1,1,0,3,1.781361761870609,0.21000000000000002,-0.17066706312817456,1.8206946987424344
1338,RA Farmer,1,1,1,0,3,1.2485252028152727,0.21000000000000002,-0.034420158677598185,1.4241050441376744
1339,RA Farmer,1,1,0,1,3,1.087918696557399,0.21000000000000002,0.2001160307087544,1.4980347272661534
1340,RA Farmer,1,1,1,0,3,1.2027915582161175,0.21000000000000002,0.11874927398421209,1.5315408322003297
1341,RA Farmer,0,0,0,0,0,1.2733295757627636,0,0.5059691031747944,1.779298678937558
1342,RA Farmer,1,1,0,0,2,1.198227813080401,0.14,-0.165598098095563,1.1726297149848381
1343,RA Farmer,1,0,0,0,1,1.7644410421407075,0.07,0.021354591662279643,1.8557956338029873
1344,RA Farmer,1,0,1,0,2,1.2537110752804745,0.14,-0.012731823229477624,1.380979252050997
1345,RA Farmer,1,1,0,0,2,1.2471016827957904,0.14,0.38938598892243853,1.776487671718229
1346,RA Farmer,0,0,1,0,1,1.7918649427444557,0.07,-0.10674327985084123,1.7551216628936146
1347,RA Farmer,1,1,1,1,4,1.1530546698785014,0.28,-0.14521804751717135,1.28783662236133
1348,RA Farmer,1,1,0,0,2,1.2656200145400724,0.14,0.1810694652764629,1.5866894798165354
1349,RA Farmer,1,1,0,0,2,1.4991770770151236,0.14,0.2398038237442104,1.878980900759334
1350,RA Farmer,1,1,1,0,3,1.229858541443822,0.21000000000000002,0.19433267254310138,1.6341912139869232
1351,RA Farmer,1,0,0,1,2,1.138739149611136,0.14,-0.193932171069497,1.0848069785416392
1352,RA Farmer,1,1,1,0,3,1.0667516570166327,0.21000000000000002,-0.06844934468654783,1.208302312330085
1353,RA Farmer,1,0,1,0,2,0.9697899662246734,0.14,0.4870613326439456,1.5968512988686188
1354,RA Farmer,1,1,1,0,3,1.514816143772014,0.21000000000000002,-0.3723858344123364,1.3524303093596775
1355,RA Farmer,1,1,1,0,3,0.8562287778431414,0.21000000000000002,0.36494150035470746,1.4311702781978488
1356,RA Farmer,1,0,1,0,2,1.2406955906321546,0.14,0.16266925766492646,1.543364848297081
1357,RA Farmer,1,1,1,0,3,1.1080605686644034,0.21000000000000002,-0.12383451770138808,1.1942260509630154
1358,RA Farmer,1,0,0,0,1,0.7713482955097206,0.07,-0.057459552002963765,0.783888743506757
1359,RA Farmer,1,1,0,0,2,1.1553983951117073,0.14,-0.19871719585397288,1.0966811992577346
1360,RA Farmer,1,0,1,0,2,1.5062884200785491,0.14,-0.07349939558180874,1.5727890244967404
1361,RA Farmer,1,1,0,1,3,1.320141360694311,0.21000000000000002,0.07893922953216757,1.6090805902264786
1362,RA Farmer,0,0,1,1,2,0.969271765333738,0.14,0.13052191411339403,1.239793679447132
1363,RA Farmer,1,0,0,0,1,1.3860676706284751,0.07,-0.39441517648215896,1.0616524941463164
1364,RA Farmer,1,1,1,0,3,1.321349928059256,0.21000000000000002,-0.07153183084666863,1.4598180972125874
1365,RA Farmer,0,0,1,0,1,1.2309434244368067,0.07,-0.06495440071068455,1.2359890237261222
1366,RA Farmer,1,0,0,0,1,1.2899305114508564,0.07,-0.14359842393393038,1.2163320875169261
1367,RA Farmer,1,0,0,0,1,1.038263478810647,0.07,0.1618357082814393,1.2700991870920864
1368,RA Farmer,1,0,1,0,2,0.99062096476543815,0.14,0.2215148828360107,1.352135847601449
1369,RA Farmer,0,0,1,0,1,0.6426034043589871,0.07,0.1214756861333025,0.8340790904922896
1370,RA Farmer,1,0,1,0,2,0.9620242952056086,0.14,-0.17833439298438614,0.9236899022212224
1371,RA Farmer,1,0,0,0,1,1.2469371797132192,0.07,0.01158864199422727,1.3285258217074465
1372,RA Farmer,1,1,1,1,4,1.206591021510205,0.28,0.11443663729646175,1.6010276588066668
1373,RA Farmer,1,0,1,1,3,1.3290858614656416,0.21000000000000002,0.08351475780304113,1.6226006192686826
1374,RA Farmer,1,0,1,0,2,0.7943099769501852,0.14,-0.2516424415932704,0.6826675353569148
1375,RA Farmer,1,0,0,0,1,1.1089439564648873,0.07,-0.05482523685657416,1.1241187196083131
1376,RA Farmer,1,0,0,1,2,1.2069207360250767,0.14,-0.14049009871778367,1.206430637307293
1377,RA Farmer,1,1,0,1,3,0.9626253441417123,0.21000000000000002,0.008752522926371116,1.1813778670680835
1378,RA Farmer,1,0,1,1,3,1.5148346314323875,0.21000000000000002,-0.005880988915038268,1.7189536425173493
1379,RA Farmer,1,0,0,0,1,0.8209962890778597,0.07,-0.18285998867457048,0.7081363004032892
1380,RA Farmer,0,0,1,0,1,1.3626682577029736,0.07,0.46451475472499126,1.897183012427965
1381,RA Farmer,1,1,1,1,4,1.012704397425495,0.28,0.2826306216977411,1.5753350191232363
1382,RA Farmer,0,0,0,1,1,1.2602554194664493,0.07,0.25584968738127867,1.5861051068477279
1383,RA Farmer,1,1,1,1,4,1.616168655407303,0.28,-0.29640660003982827,1.5997620553674747
1384,RA Farmer,1,1,1,0,3,1.2730553606204307,0.21000000000000002,0.19995520331594072,1.6830105639363713
1385,RA Farmer,1,0,0,0,1,1.2085427309891834,0.07,-0.09107250692738644,1.187470224061797
1386,RA Farmer,1,0,1,1,3,1.7377398292787178,0.21000000000000002,0.01634546236580171,1.9640852916445195
1387,RA Farmer,1,0,0,0,1,1.095990001378574,0.07,-0.5137074119322488,0.6522825894463252
1388,RA Farmer,1,1,0,1,3,1.0972418008706013,0.21000000000000002,-0.06083370479177774,1.2464080960788235
1389,RA Farmer,1,1,0,0,2,1.1440780298061517,0.14,0.10304076671947265,1.3871187965256244
1390,RA Farmer,1,0,1,1,3,1.191516434530247,0.21000000000000002,-0.4142553408954818,0.987261093634765
1391,RA Farmer,1,1,0,0,2,1.392596296145228,0.14,-0.005905512108271564,1.5266907840369566
1392,RA Farmer,0,0,1,1,2,0.9809418353132744,0.14,-0.09737786293645835,1.023563972376816
1393,RA Farmer,1,1,0,1,3,1.41638573414548,0.21000000000000002,0.36993560638329304,1.996321340528773
1394,RA Farmer,1,1,1,0,3,1.0341702239548212,0.21000000000000002,-0.0265093872464693,1.217660836708352
1395,RA Farmer,1,0,0,0,1,0.5906431356108398,0.07,-0.07704564056027995,0.5835974950505598
1396,RA Farmer,1,1,0,1,3,1.2086372552818445,0.21000000000000002,0.061213097375766856,1.4798503526576114
1397,RA Farmer,1,0,0,0,1,1.051410489259426,0.07,-0.19320306922552255,0.9282074200339036
1398,RA Farmer,1,1,1,1,4,1.3098693685981972,0.28,0.07797686050721006,1.6678462291054073
1399,RA Farmer,1,1,1,0,3,1.6333760117729406,0.21000000000000002,0.05972927091996885,1.9031052826929094
1400,RA Farmer,1,1,0,0,2,0.9096824417560314,0.14,-0.3979453359192843,0.6517371058367472
1401,RA Farmer,1,0,1,0,2,0.6571140455427407,0.14,-0.05481268190489317,0.7423013636378475
1402,RA Farmer,1,0,1,0,2,0.7398820622961031,0.14,-0.11339605740891778,0.7664860048871853
1403,RA Farmer,1,1,1,0,3,0.38121784666827985,0.21000000000000002,-0.09212043428066032,0.5
1404,RA Farmer,1,0,1,1,3,0.6128659430537976,0.21000000000000002,-0.1316213768210965,0.6912445662327011
1405,RA Farmer,1,0,0,0,1,1.4248769195382867,0.07,0.26481340739258846,1.7596903269308752
1406,RA Farmer,1,0,1,1,3,1.421938147850299,0.21000000000000002,-0.12253097802059057,1.5094071698297085
1407,RA Farmer,1,0,1,0,2,1.0331429390860012,0.14,0.12305302597060273,1.296195965056604
1408,RA Farmer,1,1,0,1,3,1.0255293299097572,0.21000000000000002,0.2258248884307212,1.4613542183404784
1409,RA Farmer,1,1,1,0,3,1.1013672261352359,0.21000000000000002,-0.13218590654023704,1.1791813195949987
1410,RA Farmer,1,0,0,0,1,1.4867226365818333,0.07,-0.03737885495968302,1.5193437816221504
1411,RA Farmer,1,0,0,0,1,1.3579193969637284,0.07,-0.4177470137701839,1.0101723831935445
1412,RA Farmer,1,1,1,1,4,1.2941286077687437,0.28,0.06251354311997658,1.6366421508887203
1413,RA Farmer,1,0,0,0,1,1.0676971902867904,0.07,-0.19936275431480324,0.9383344359719873
1414,RA Farmer,1,1,0,0,2,1.0616936649790016,0.14,0.17441905033886346,1.3761127153178652
1415,RA Farmer,1,1,1,1,4,0.7706489786395491,0.28,0.06086434912963497,1.1115133277691842
1416,RA Farmer,1,1,0,1,3,0.26383459124959097,0.21000000000000002,0.11156015392970142,0.5853947451792925
1417,RA Farmer,1,0,1,1,3,1.232523896048668,0.21000000000000002,0.17371092398560706,1.616234820034275
1418,RA Farmer,1,1,1,0,3,0.6927768482205271,0.21000000000000002,-0.020427026617839843,0.8823498216026874
1419,RA Farmer,1,0,0,1,2,0.9995842192997728,0.14,0.037945101354752736,1.1775293206545254
1420,RA Farmer,0,0,1,0,1,1.172263883603511,0.07,0.11495314205683904,1.3572170256603502
1421,RA Farmer,1,0,1,0,2,1.3261356183958586,0.14,-0.05629785960407468,1.4098377587917839
1422,RA Farmer,1,0,1,0,2,1.2966457404251999,0.14,-0.11140135710761012,1.3252443833175898
1423,RA Farmer,0,1,1,0,2,1.0496399961321405,0.14,0.1680186472283042,1.3576586433604447
1424,RA Farmer,0,0,1,0,1,1.0109121988958092,0.07,0.005561057273779609,1.086473256169589
1425,RA Farmer,1,0,0,1,2,1.4407390087997622,0.14,0.14941274094083795,1.7301517497406
1426,RA Farmer,0,0,0,0,0,1.4500330467443727,0,0.07562210627742698,1.5256551530217997
1427,RA Farmer,1,1,1,1,4,0.9162477009417853,0.28,-0.09045065869013409,1.1057970422516512
1428,RA Farmer,1,1,0,0,2,0.9178603785700735,0.14,-0.022929450230173988,1.0349309283398995
1429,RA Farmer,0,1,1,0,2,1.173093502000859,0.14,0.06985375612413192,1.3829472581249909
1430,RA Farmer,0,0,1,0,1,1.6656091005193736,0.07,-0.01869894513232591,1.7169101553870478
1431,RA Farmer,1,0,0,0,1,1.231730389554431,0.07,-0.10675896903107274,1.1949714205233581
1432,RA Farmer,0,0,0,0,0,1.0001002853643863,0,-0.32459216929384227,0.6755081160705441
1433,RA Farmer,0,0,1,1,2,0.862978355806824,0.14,0.1729602150110805,1.1759385708179046
1434,RA Farmer,0,1,0,1,2,1.2598615935020827,0.14,-0.17362036256767857,1.226241230934404
1435,RA Farmer,1,0,0,0,1,1.2752524170319401,0.07,-0.08560993187600027,1.25964248515594
1436,RA Farmer,1,0,0,1,2,0.5864956219524137,0.14,-0.06740505377688595,0.6590905681755277
1437,RA Farmer,1,1,1,1,4,1.4143036417171806,0.28,0.08406789189393146,1.778371533611112
1438,RA Farmer,0,0,1,0,1,1.2784909134889308,0.07,-0.018681263875891953,1.329809649613039
1439,RA Farmer,1,1,0,0,2,1.4757697247874664,0.14,-0.07422600977361062,1.5415437150138556
1440,RA Farmer,1,0,0,1,2,1.166674462545106,0.14,-0.15305128497073192,1.153623177574374
1441,RA Farmer,1,0,1,0,2,1.0226157889265233,0.14,0.14671422662927328,1.3093300155557968
1442,RA Farmer,1,0,1,0,2,1.236537800336396,0.14,0.019438817869909326,1.3959766182063056
1443,RA Farmer,0,1,1,1,3,0.8993862956101315,0.21000000000000002,0.49736746033041873,1.6067537559405503
1444,RA Farmer,1,0,0,1,2,1.5537424210512132,0.14,-0.40213579885947487,1.2916066221917384
1445,RA Farmer,1,1,0,1,3,0.8025817049015855,0.21000000000000002,0.322215843109879,1.3347975480114644
1446,RA Farmer,1,0,0,0,1,1.273496093045111,0.07,-0.16779979350442203,1.175696299540689
1447,RA Farmer,1,1,0,0,2,1.318005822473285,0.14,-0.05302577770662651,1.4049800447666585
1448,RA Farmer,0,1,1,0,2,1.0917602318303596,0.14,0.14459683967575518,1.3763570715061149
1449,RA Farmer,1,1,1,0,3,1.2904604735109046,0.21000000000000002,0.12757006710532323,1.6280305406162279
1450,RA Farmer,0,1,1,1,3,0.9660870160597005,0.21000000000000002,0.056363335543206605,1.2324503516029073
1451,RA Farmer,0,1,1,1,3,1.6940506330603258,0.21000000000000002,-0.07803814723158714,1.8260124858287385
1452,RA Farmer,1,0,1,0,2,1.5661402318715654,0.14,-0.12545257259855533,1.5806876592730101
1453,RA Farmer,1,1,1,1,4,1.040026034222632,0.28,0.5576965334189092,1.8777225676415412
1454,RA Farmer,1,0,0,1,2,1.578896787924489,0.14,-0.6016375980225924,1.1172591899018967
1455,RA Farmer,1,1,0,0,2,1.253572851370265,0.14,0.07555087736460149,1.4691237287348666
1456,RA Farmer,0,1,0,0,1,0.45027005335685877,0.07,0.08412528237602224,0.604395335732881
1457,RA Farmer,1,1,0,1,3,1.417694543773311,0.21000000000000002,-0.013994582226330973,1.61369996154698
1458,RA Farmer,1,1,1,1,4,1.3111492313147233,0.28,0.03227161516134127,1.6234208464760647
1459,RA Farmer,1,0,1,0,2,0.8577517868703859,0.14,0.08015103845599512,1.077902825326381
1460,RA Farmer,1,1,0,0,2,1.1309888526725453,0.14,0.06455602130561779,1.3355448739781632
1461,RA Farmer,1,1,1,0,3,1.5925069223211539,0.21000000000000002,0.09064506453024886,1.8931519868514026
1462,RA Farmer,1,0,1,1,3,1.1773333693495491,0.21000000000000002,0.3762554017700907,1.7635887711196399
1463,RA Farmer,1,1,0,0,2,1.4215290198769635,0.14,-0.2525756296928837,1.3089533901840795
1464,RA Farmer,1,0,0,0,1,1.4004127868298548,0.07,-0.01721116148122281,1.4532016253486322
1465,RA Farmer,1,1,0,1,3,0.8907488462067168,0.21000000000000002,-0.06607704468936075,1.034671801517356
1466,RA Farmer,1,1,1,1,4,1.3073113290203162,0.28,0.029600370512017346,1.6169116995323336
1467,RA Farmer,1,0,1,1,3,1.3481327258016007,0.21000000000000002,-0.01000701973765384,1.5481257060639468
1468,RA Farmer,1,0,0,1,2,1.3338876464462224,0.14,-0.22340709202967265,1.2504805544165496
1469,RA Farmer,1,1,1,0,3,0.7746693508937443,0.21000000000000002,-0.0739583929623136,0.9107109579314308
1470,RA Farmer,1,1,0,0,2,1.0958592405851733,0.14,0.05091037740460234,1.2867696179897754
1471,RA Farmer,0,0,0,0,0,0.5084121059095876,0,-0.013753146468614145,0.5
1472,RA Farmer,1,0,1,0,2,1.3778748039324669,0.14,0.12093970066324872,1.6388145045957154
1473,RA Farmer,1,0,1,0,2,1.3147549631336959,0.14,0.14460372708715752,1.5993586902208534
1474,RA Farmer,0,1,1,0,2,1.5179826302678088,0.14,-0.09945046085056483,1.5585321694172438
1475,RA Farmer,1,1,1,1,4,1.2055908716912023,0.28,-0.176506994850524,1.3090838768406783
1476,RA Farmer,1,1,0,0,2,1.1706084112398933,0.14,-0.08591710896418546,1.224691302275708
1477,RA Farmer,0,0,0,0,0,1.1296541261414463,0,-0.0498088330088684,1.079845293132578
1478,RA Farmer,1,0,1,0,2,0.8914069491343318,0.14,-0.26304728630145335,0.7683596628328785
1479,RA Farmer,1,1,1,0,3,1.1070014705361109,0.21000000000000002,-0.28098685896125924,1.0360146115748516
1480,RA Farmer,0,1,0,0,1,0.8717751073286195,0.07,-0.22331726015808667,0.718457847170533
1481,RA Farmer,1,1,0,1,3,1.9665743598105585,0.21000000000000002,0.21037147912934456,2.386945838939903
1482,RA Farmer,0,0,1,1,2,1.1812755951013172,0.14,0.13445352399890728,1.4557291191002244
1483,RA Farmer,0,1,0,0,1,1.0122014952639038,0.07,0.18072199446488743,1.2629234897287913
1484,RA Farmer,1,0,0,1,2,1.2121212948454314,0.14,-0.08360187351126602,1.2685194213341655
1485,RA Farmer,1,0,0,0,1,1.790126695823544,0.07,-0.20356283526188476,1.6565638605616593
1486,RA Farmer,1,1,1,1,4,1.457098639517282,0.28,0.038004053009166566,1.7751026925264486
1487,RA Farmer,1,0,1,0,2,2.138638270878955,0.14,0.24193095169043122,2.5205692225693865
1488,RA Farmer,0,1,0,0,1,0.8566660242850914,0.07,-0.04822132860107622,0.8784446956840153
1489,RA Farmer,1,0,0,0,1,1.3042498469783894,0.07,0.06817801181074545,1.4424278587891348
1490,RA Farmer,1,0,0,0,1,1.101051745170219,0.07,0.053049347665794,1.2241010928360132
1491,RA Farmer,1,0,0,1,2,1.2690026208493876,0.14,0.17629015100519943,1.585292771854587
1492,RA Farmer,1,0,0,0,1,1.3577172289759218,0.07,-0.058589130576823245,1.3691280983990985
1493,RA Farmer,1,1,0,1,3,1.4018721707043098,0.21000000000000002,0.057233569780098525,1.6691057404844083
1494,RA Farmer,1,0,1,0,2,1.0379824112382057,0.14,-0.10723988837369354,1.0707425228645122
1495,RA Farmer,1,0,1,1,3,1.0070569475797904,0.21000000000000002,0.1065753626785847,1.323632310258375
1496,RA Farmer,1,1,0,0,2,1.1034007290222894,0.14,-0.15006869348579002,1.0933320355364995
1497,RA Farmer,1,1,1,0,3,1.246743756411207,0.21000000000000002,0.022271634937719546,1.4790153913489263
1498,RA Farmer,1,1,0,0,2,1.1346872885153114,0.14,0.2463708728069754,1.5210581613222867
1499,RA Farmer,1,1,1,0,3,2.104034970894461,0.21000000000000002,-0.026526555548403354,2.2875084153460574
1500,RA Farmer,1,0,1,0,2,1.461480483291493,0.14,0.4329079041672579,2.034388387458751
1501,RA Farmer,1,1,1,0,3,0.8817440630986102,0.21000000000000002,-0.06224117555882497,1.0295028875397851
1502,RA Farmer,0,0,0,1,1,0.5906880520072287,0.07,0.10552870856925645,0.7662167605764851
1503,RA Farmer,1,0,1,0,2,1.7073830208230145,0.14,-0.2589407431635997,1.588442277659415
1504,RA Farmer,0,1,1,0,2,1.0489721134307894,0.14,-0.025017673249901715,1.1639544401808877
1505,RA Farmer,1,0,0,0,1,1.6900683534239644,0.07,-0.27308980752893225,1.4869785458950322
1506,RA Farmer,1,1,1,0,3,1.0494771284653388,0.21000000000000002,-0.15000076832916526,1.1094763601361735
1507,RA Farmer,1,0,0,1,2,1.0213676246432055,0.14,-0.24570233869991812,0.9156652859432873
1508,RA Farmer,1,0,1,1,3,1.222811652441274,0.21000000000000002,-0.3426353497204274,1.0901763027208466
1509,RA Farmer,1,0,0,1,2,1.2126005711283538,0.14,-0.06692674479213626,1.2856738263362175
1510,RA Farmer,1,0,0,0,1,0.7597524020870441,0.07,-0.3674310558629584,0.5
1511,RA Farmer,1,1,1,0,3,1.2572724161203228,0.21000000000000002,-0.05877622373130517,1.4084961923890176
1512,RA Farmer,1,1,1,1,4,1.3389977502053343,0.28,0.205226266059413,1.8242240162647474
1513,RA Farmer,1,1,0,1,3,1.3595305652697065,0.21000000000000002,0.03533720090416797,1.6048677661738744
1514,RA Farmer,1,1,0,1,3,1.2372908266789266,0.21000000000000002,-0.19460029876275262,1.252690527916174
1515,RA Farmer,0,1,0,1,2,0.8773372116935377,0.14,-0.19469706272560297,0.8226401489679348
1516,RA Farmer,1,0,0,0,1,1.4906413381145003,0.07,0.15124477126094635,1.7118861093754467
1517,RA Farmer,1,0,0,0,1,1.0428197226978804,0.07,-0.38253829635856595,0.7302814263393145
1518,RA Farmer,1,1,1,0,3,0.8166688460469,0.21000000000000002,-0.013656945460728917,1.013011900586171
1519,RA Farmer,1,0,1,1,3,0.9459003229686329,0.21000000000000002,-0.30467080056816553,0.8512295224004673
1520,RA Farmer,0,1,0,0,1,0.948389823274015,0.07,0.020583352075882674,1.0389731753498976
1521,RA Farmer,1,0,0,1,2,1.4210184306524691,0.14,-0.32834967744503235,1.2326687532074367
1522,RA Farmer,1,1,1,0,3,1.8888333991856325,0.21000000000000002,0.06948852727141543,2.168321926457048
1523,RA Farmer,1,0,0,1,2,1.3473557434826051,0.14,-0.22396876886262562,1.2633869746199795
1524,RA Farmer,1,1,0,1,3,1.1952101466563743,0.21000000000000002,0.0809937283097968,1.486203874966171
1525,RA Farmer,1,1,0,0,2,1.330896994082675,0.14,0.2465088296409868,1.7174058237236618
1526,RA Farmer,1,0,1,0,2,0.9469063403225301,0.14,-0.31230880935800975,0.7745975309645203
1527,RA Farmer,1,0,0,1,2,1.049915329075589,0.14,-0.17000693144190238,1.0199083976336867
1528,RA Farmer,1,1,0,0,2,1.3049648647404262,0.14,-0.23397355661061497,1.2109913081298112
1529,RA Farmer,0,0,0,0,0,1.0150348928105162,0,0.03591896488085736,1.0509538576913735
1530,RA Farmer,0,1,0,0,1,1.047053775436919,0.07,0.19445431810687452,1.3115080935437935
1531,RA Farmer,1,0,1,0,2,0.8928319195937218,0.14,0.0320633180565967,1.0648952376503187
1532,RA Farmer,0,0,1,0,1,1.4268866966721299,0.07,0.6599343625149263,2.156821059187056
1533,RA Farmer,1,0,0,1,2,1.4703522052645785,0.14,-0.020225553382593454,1.590126651881985
1534,RA Farmer,1,0,1,1,3,1.508889100451611,0.21000000000000002,0.030433423450097693,1.7493225239017085
1535,RA Farmer,1,0,1,0,2,1.397746821082794,0.14,-0.030076396237247824,1.5076704248455461
1536,RA Farmer,0,1,0,0,1,1.5381962864852459,0.07,0.12330902184836985,1.7315053083336158
1537,RA Farmer,1,0,1,0,2,1.881491145426204,0.14,-0.028884118497428973,1.9926070269287752
1538,RA Farmer,1,1,0,0,2,1.1579309593140816,0.14,-0.04994375726933255,1.2479872020447489
1539,RA Farmer,1,0,1,1,3,1.1195509172136258,0.21000000000000002,-0.09827117347243836,1.2312797437411873
1540,RA Farmer,1,1,1,0,3,1.0104332001968013,0.21000000000000002,-0.15680006527023505,1.0636331349265662
1541,RA Farmer,0,0,1,0,1,1.8370399958483152,0.07,0.2682414505913446,2.17528144643966
1542,RA Farmer,0,1,1,1,3,1.3050454867151193,0.21000000000000002,0.12349459193458774,1.638540078649707
1543,RA Farmer,1,1,0,0,2,0.8249436985565332,0.14,0.27329762053622264,1.2382413190927557
1544,RA Farmer,1,1,1,0,3,1.2710996865021147,0.21000000000000002,-0.10058005881098511,1.3805196276911296
1545,RA Farmer,1,1,1,0,3,1.1047858931894374,0.21000000000000002,0.05873628402889278,1.3735221772183301
1546,RA Farmer,0,0,1,1,2,1.2562393781322676,0.14,0.07481834197315705,1.4710577201054247
1547,RA Farmer,1,0,0,0,1,1.0038843555612555,0.07,-0.3272634728686128,0.7466208826926428
1548,RA Farmer,1,1,1,0,3,1.1626797728032532,0.21000000000000002,0.1965141941376494,1.5691939669409025
1549,RA Farmer,0,0,0,1,1,1.4970461704869473,0.07,0.010888887700834578,1.577935058187782
1550,RA Farmer,1,0,0,0,1,0.7792741956098216,0.07,0.09893418204377412,0.9482083776535957
1551,RA Farmer,1,1,0,0,2,0.7908736763718418,0.14,0.12811041506106377,1.0589840914329056
1552,RA Farmer,0,1,0,0,1,1.147163397933574,0.07,0.03632722230401606,1.2534906202375902
1553,RA Farmer,1,0,0,0,1,0.8394703412060105,0.07,-0.28942219989766627,0.6200481413083443
1554,RA Farmer,1,0,1,1,3,1.190629386019645,0.21000000000000002,0.1346706791621073,1.5353000651817523
1555,RA Farmer,1,0,1,0,2,1.87504900092316,0.14,0.1388285683340985,2.1538775692572587
1556,RA Farmer,1,1,0,1,3,1.0749620190055196,0.21000000000000002,-0.03724652026571425,1.2477154987398054
1557,RA Farmer,1,0,1,0,2,1.0481705681405928,0.14,0.15015000664924993,1.3383205747898428
1558,RA Farmer,1,0,0,0,1,0.4133769474194706,0.07,0.00900367224592855,0.5
1559,RA Farmer,1,0,1,0,2,1.3207204450774013,0.14,-0.33365173583227614,1.1270687092451253
1560,RA Farmer,1,1,0,1,3,0.7236311398576043,0.21000000000000002,0.12635553923619944,1.0599866790938037
1561,RA Farmer,1,0,1,1,3,1.1808842055629887,0.21000000000000002,0.06533344474845035,1.456217650311439
1562,RA Farmer,0,0,1,1,2,1.2878679939181477,0.14,0.21845404785229544,1.6463220417704432
1563,RA Farmer,1,0,0,1,2,0.6184478928298173,0.14,-0.24194050763715405,0.5165073851926633
1564,RA Farmer,1,0,0,0,1,1.748518867107845,0.07,-0.14708474360020674,1.6714341235076384
1565,RA Farmer,1,1,1,0,3,0.8866394090328095,0.21000000000000002,-0.2650493042538212,0.8315901047789883
1566,RA Farmer,1,1,0,0,2,1.461856453329664,0.14,-0.14736744205945992,1.4544890112702042
1567,RA Farmer,1,0,1,0,2,0.9732921836729964,0.14,0.12878932771034954,1.2420815113833459
1568,RA Farmer,0,0,0,1,1,0.7724375884428629,0.07,0.1703098741843045,1.0127474626271675
1569,RA Farmer,0,0,0,0,0,0.9215687686088853,0,-0.05765015734621414,0.8639186112626711
1570,RA Farmer,1,0,1,0,2,1.1962438608957568,0.14,-0.127958207491845,1.208285653403912
1571,RA Farmer,1,0,1,1,3,1.126562237825902,0.21000000000000002,-0.22099170467885496,1.115570533147047
1572,RA Farmer,0,1,0,1,2,1.2543897610861607,0.14,0.3667743935791805,1.7611641546653412
1573,RA Farmer,1,0,1,0,2,1.481370900813652,0.14,0.19569579166137224,1.817066692475024
1574,RA Farmer,1,0,1,1,3,0.8542485354457536,0.21000000000000002,-0.22106515247658556,0.8431833829691681
1575,RA Farmer,1,1,1,0,3,0.7164956386068962,0.21000000000000002,0.029587007631074403,0.9560826462379707
1576,RA Farmer,1,0,1,0,2,1.0548943245476223,0.14,-0.046375424602564455,1.1485188999450577
1577,RA Farmer,1,0,0,0,1,0.723525315165955,0.07,0.004232171149422524,0.7977574863153775
1578,RA Farmer,1,0,1,1,3,1.1145512434236553,0.21000000000000002,0.07311741535154107,1.3976686587751963
1579,RA Farmer,0,1,0,0,1,1.3058337726720903,0.07,0.43739954013775917,1.8132333128098495
1580,RA Farmer,1,1,0,0,2,0.972410334034012,0.14,0.21471212480189378,1.3271224588359058
1581,RA Farmer,1,0,0,1,2,0.9817705232061384,0.14,0.07933821547243013,1.2011087386785686
1582,RA Farmer,1,1,0,0,2,0.5496943992873826,0.14,-0.18638537764744534,0.5033090216399373
1583,RA Farmer,1,0,0,0,1,1.198272465894032,0.07,0.31564236372153065,1.5839148296155627
1584,RA Farmer,1,0,0,1,2,1.0564322854918264,0.14,0.1265169820917074,1.3229492675835337
1585,RA Farmer,0,1,0,0,1,1.3965346181519742,0.07,0.061679604399349656,1.528214222551324
1586,RA Farmer,1,1,1,0,3,1.2514603598791472,0.21000000000000002,-0.07033248962076491,1.3911278702583822
1587,RA Farmer,1,0,1,1,3,1.655374195888239,0.21000000000000002,-0.2969289414759907,1.5684452544122482
1588,RA Farmer,1,1,0,0,2,0.5607250690672152,0.14,0.18177465111590863,0.8824997201831238
1589,RA Farmer,1,1,1,1,4,1.4517887565121161,0.28,-0.02917361835055142,1.7026151381615648
1590,RA Farmer,1,0,1,0,2,1.065457404910837,0.14,0.2262844437688555,1.4317418486796925
1591,RA Farmer,1,0,1,0,2,0.8537308628919934,0.14,0.21652615227657734,1.2102570151685708
1592,RA Farmer,1,0,1,0,2,1.0219867356945853,0.14,-0.013449254564550865,1.1485374811300346
1593,RA Farmer,1,1,1,1,4,1.1384219954998247,0.28,-0.08878921681442843,1.3296327786853963
1594,RA Farmer,1,0,1,0,2,0.9715281703973717,0.14,0.2857482564645676,1.3972764268619393
1595,RA Farmer,1,1,1,0,3,1.317919859534577,0.21000000000000002,0.12197580610522657,1.6498956656398034
1596,RA Farmer,1,1,0,0,2,0.6564079405225671,0.14,0.04407840583136702,0.8404863463539342
1597,RA Farmer,1,1,0,0,2,1.2056642363860732,0.14,0.2597171680952376,1.6053814044813106
1598,RA Farmer,1,0,0,0,1,1.2929148210286556,0.07,0.39510668463519294,1.7580215056638486
1599,RA Farmer,1,0,1,1,3,1.8416270350093265,0.21000000000000002,-0.28387831641422095,1.7677487185951055
1600,RA Farmer,1,1,0,0,2,1.459526817659912,0.14,0.07365049183577048,1.6731773094956828
1601,RA Farmer,1,0,0,0,1,0.7216827803222521,0.07,0.21371720483565437,1.0053999851579065
1602,RA Farmer,1,0,1,0,2,0.809043403155671,0.14,-0.12982316094749252,0.8192202422081785
1603,RA Farmer,0,1,0,1,2,1.1306044357887304,0.14,-0.10421059403192597,1.1663938417568045
1604,RA Farmer,1,1,1,1,4,1.3118339905752663,0.28,-0.26530913957327873,1.3265248510019876
1605,RA Farmer,1,0,1,0,2,1.4588706757409322,0.14,-0.013723835512175818,1.5851468402287565
1606,RA Farmer,1,1,1,1,4,1.4524274943962179,0.28,-0.12853303862327883,1.603894455772939
1607,RA Farmer,1,1,1,0,3,1.1373828641425563,0.21000000000000002,-0.23663245375327102,1.1107504103892851
1608,RA Farmer,0,1,1,1,3,1.7601449739116617,0.21000000000000002,0.34617407134342404,2.316319045255086
1609,RA Farmer,1,0,1,0,2,0.9358158911907319,0.14,-0.24174581334840287,0.834070077842329
1610,RA Farmer,1,1,0,1,3,1.211059641573233,0.21000000000000002,0.01066129107932198,1.431720932652555
1611,RA Farmer,1,0,1,0,2,1.1570674673166448,0.14,0.01826801491735524,1.315335482234
1612,RA Farmer,1,0,1,0,2,0.8984908413059386,0.14,0.1112849471321912,1.1497757884381299
1613,RA Farmer,1,0,0,0,1,1.1201196080222238,0.07,-0.22217218198474442,0.9679474260374794
1614,RA Farmer,0,0,0,0,0,1.5127533564983884,0,0.06438252680403915,1.5771358833024276
1615,RA Farmer,1,1,1,0,3,1.4706224718605017,0.21000000000000002,0.46564466281622424,2.1462671346767257
1616,RA Farmer,0,0,1,1,2,0.8119092047171415,0.14,0.2976955973276156,1.249604802044757
1617,RA Farmer,0,0,1,0,1,1.2758684372949347,0.07,-0.1447473121410324,1.2011211251539025
1618,RA Farmer,1,0,1,0,2,1.3347994679414954,0.14,-0.056561295154406714,1.4182381727870885
1619,RA Farmer,1,1,1,1,4,1.5824317642796555,0.28,0.05998885595054551,1.922420620230201
1620,RA Farmer,0,0,1,0,1,0.9815012954059517,0.07,0.14407613217097343,1.195577427576925
1621,RA Farmer,1,0,1,0,2,1.312428410900388,0.14,0.0825289561626108,1.534957367062999
1622,RA Farmer,0,1,0,0,1,1.206614617762396,0.07,-0.039741248666448195,1.236873369095948
1623,RA Farmer,0,0,0,1,1,0.7648040477820774,0.07,0.15713145612947968,0.9919355039115572
1624,RA Farmer,1,0,0,1,2,1.1207806532587834,0.14,-0.10979685292300392,1.1509838003357795
1625,RA Farmer,0,1,0,1,2,1.1824335862005726,0.14,0.024653902094162603,1.3470874882947352
1626,RA Farmer,1,0,1,0,2,1.298361502565003,0.14,0.06546600684874541,1.5038275094137483
1627,RA Farmer,1,0,1,0,2,1.8368280397853702,0.14,0.013846849014933146,1.9906748888003034
1628,RA Farmer,1,1,0,1,3,1.596936333009253,0.21000000000000002,0.17049331926028224,1.9774296522695352
1629,RA Farmer,1,1,0,1,3,1.461394957827152,0.21000000000000002,-0.14845773934489437,1.5229372184822574
1630,RA Farmer,1,1,0,0,2,1.0534808133456313,0.14,-0.12136037681492318,1.0721204365307082
1631,RA Farmer,1,1,1,0,3,1.1437199754436673,0.21000000000000002,0.05122134070501543,1.4049413161486828
1632,RA Farmer,1,0,0,1,2,1.1823598460511717,0.14,-0.09159118637656395,1.230768659674608
1633,RA Farmer,1,1,0,0,2,1.3204739524674445,0.14,0.12265129617123226,1.5831252486386767
1634,RA Farmer,1,0,1,0,2,0.8754591333790913,0.14,-0.24655106931595722,0.7689080640631341
1635,RA Farmer,0,0,1,1,2,1.3384007274049345,0.14,-0.06089418782829173,1.4175065395766429
1636,RA Farmer,0,1,0,0,1,0.887739084735241,0.07,-0.3763787926325488,0.5813602921026921
1637,RA Farmer,1,0,0,0,1,1.8873706129077887,0.07,0.37503327503876405,2.332403887946553
1638,RA Farmer,1,1,0,0,2,1.1371063085462305,0.14,0.057417275958497827,1.3345235845047285
1639,RA Farmer,0,0,0,0,0,1.0659331613165022,0,0.03877928479034421,1.1047124461068465
1640,RA Farmer,0,1,1,0,2,1.2166628016071834,0.14,-0.08140620449331992,1.2752565971138634
1641,RA Farmer,1,0,0,0,1,0.8815605044255831,0.07,-0.052975396005248976,0.898585108420334
1642,RA Farmer,1,0,0,0,1,1.1936672634547896,0.07,-0.3582720864788608,0.9053951769759289
1643,RA Farmer,1,0,0,0,1,0.9431454031387594,0.07,-0.015756106205664967,0.9973892969330945
1644,RA Farmer,1,0,1,1,3,0.9272845999170184,0.21000000000000002,-0.07071651849735544,1.066568081419663
1645,RA Farmer,1,0,1,0,2,1.170358462036083,0.14,0.08645177057033232,1.3968102326064153
1646,RA Farmer,1,1,0,1,3,1.280368899516243,0.21000000000000002,-0.11618596499286937,1.3741829345233736
1647,RA Farmer,1,1,1,0,3,1.1808799513506587,0.21000000000000002,0.06740419619818472,1.4582841475488433
1648,RA Farmer,0,1,1,0,2,0.835097278320853,0.14,0.051523275656309764,1.0266205539771627
1649,RA Farmer,1,1,0,1,3,0.9694885318746762,0.21000000000000002,0.3338897947457598,1.513378326620436
1650,RA Farmer,1,0,0,0,1,1.0291951349996624,0.07,0.09970495900536558,1.198900094005028
1651,RA Farmer,0,0,1,0,1,1.456585496860009,0.07,0.19492605009557265,1.7215115469555817
1652,RA Farmer,1,1,1,0,3,1.1056461652966552,0.21000000000000002,0.11776396980412265,1.4334101351007777
1653,RA Farmer,1,0,0,0,1,1.271424178085365,0.07,-0.14549459589492592,1.1959295821904392
1654,RA Farmer,0,1,0,1,2,1.039706844172528,0.14,-0.10919006191802572,1.070516782254502
1655,RA Farmer,1,0,1,1,3,1.52706115496115,0.21000000000000002,-0.03843908785868817,1.6986220671024617
1656,RA Farmer,1,1,1,1,4,0.8816634448814594,0.28,-0.24581012253676782,0.9158533223446917
1657,RA Farmer,1,1,1,0,3,1.4999561795832528,0.21000000000000002,0.20400643532946755,1.9139626149127202
1658,RA Farmer,1,0,0,0,1,1.291211647695242,0.07,-0.013363542192206727,1.3478481055030354
1659,RA Farmer,1,0,0,0,1,1.1073529131671243,0.07,0.012238740556200887,1.189591653723325
1660,RA Farmer,0,0,0,0,0,1.2695875084481794,0,0.04945148548360466,1.319038993931784
1661,RA Farmer,1,0,0,1,2,1.3405297035328394,0.14,0.24317870848804124,1.7237084120208805
1662,RA Farmer,0,0,1,1,2,1.2089527197291978,0.14,-0.06689683460262894,1.2820558851265689
1663,RA Farmer,1,0,0,1,2,0.8722501714557169,0.14,-0.200862638187528,0.811387533268189
1664,RA Farmer,1,0,1,1,3,0.9221399830311121,0.21000000000000002,0.11860849144615922,1.2507484744772712
1665,RA Farmer,1,0,1,1,3,1.0239604346401163,0.21000000000000002,-0.21991912203352815,1.0140413126065881
1666,RA Farmer,1,1,1,1,4,0.8322664866817053,0.28,-0.033634980657152445,1.0786315060245528
1667,RA Farmer,0,0,1,0,1,1.2145168452016541,0.07,0.01421362617491496,1.2987304713765693
1668,RA Farmer,1,1,1,0,3,0.8409593431684703,0.21000000000000002,-0.3313821842505463,0.7195771589179241
1669,RA Farmer,1,0,1,0,2,0.9315957099884377,0.14,-0.009195702164190647,1.062400007824247
1670,RA Farmer,1,1,1,0,3,0.8282579549697233,0.21000000000000002,0.22206273498440765,1.2603206899541308
1671,RA Farmer,1,0,0,0,1,1.3164707379605525,0.07,0.12377630351240021,1.5102470414729527
1672,RA Farmer,1,1,0,0,2,1.0305167446389722,0.14,0.11478459395351258,1.285301338592485
1673,RA Farmer,1,0,0,0,1,1.1902789914556156,0.07,-0.011850869864733549,1.2484281215908821
1674,RA Farmer,1,0,1,0,2,1.1896079277494236,0.14,0.08815089134641707,1.4177588190958408
1675,RA Farmer,1,0,1,0,2,1.1821653385737567,0.14,-0.09389996558932542,1.2282653729844313
1676,RA Farmer,1,1,1,1,4,0.9517328903875635,0.28,0.28914123971957906,1.5208741301071425
1677,RA Farmer,0,0,1,1,2,1.560262764393259,0.14,-0.0379463486832513,1.6623164157100077
1678,RA Farmer,1,0,1,0,2,0.9107207548382104,0.14,0.34381619434104094,1.3945369491792512
1679,RA Farmer,1,0,0,0,1,1.070510441096078,0.07,-0.40283841494844136,0.7376720261476366
1680,RA Farmer,0,1,1,0,2,0.9199131468814736,0.14,-0.0931238442164345,0.966789302665039
1681,RA Farmer,0,1,1,0,2,0.8447616103887162,0.14,0.05304445888629239,1.0378060692750086
1682,RA Farmer,0,1,1,0,2,1.0571148840275324,0.14,0.39624582858880375,1.5933607126163363
1683,RA Farmer,1,1,0,1,3,1.2119061581358797,0.21000000000000002,-0.18259963555495867,1.239306522580921
1684,RA Farmer,1,0,1,1,3,0.5035830868275402,0.21000000000000002,0.04944412078321525,0.7630272076107554
1685,RA Farmer,1,1,1,0,3,1.0822693888141148,0.21000000000000002,-0.1370569523121842,1.1552124365019305
1686,RA Farmer,1,1,1,0,3,1.635795512455286,0.21000000000000002,-0.14338540253588256,1.7024101099194036
1687,RA Farmer,1,1,0,1,3,1.1361514989366952,0.21000000000000002,0.20534559721276,1.5514970961494552
1688,RA Farmer,1,1,0,0,2,0.8107293193703786,0.14,-0.02085456028334045,0.9298747590870382
1689,RA Farmer,1,0,1,0,2,1.2786698428428829,0.14,-0.23011914856343668,1.1885506942794464
1690,RA Farmer,1,0,1,1,3,0.6186900807425905,0.21000000000000002,0.030829267221001096,0.8595193479635916
1691,RA Farmer,1,1,0,1,3,1.033856103670587,0.21000000000000002,0.08249277360329632,1.3263488772738832
1692,RA Farmer,1,0,0,0,1,1.0063373788973793,0.07,-0.1428492946328735,0.9334880842645059
1693,RA Farmer,1,1,1,0,3,0.6449929839515757,0.21000000000000002,-0.05942753858343779,0.795565445368138
1694,RA Farmer,0,1,0,1,2,1.248294396676484,0.14,0.2737134061144165,1.6620078027909004
1695,RA Farmer,1,1,0,0,2,1.3356320685761105,0.14,-0.03898258382563695,1.4366494847504736
1696,RA Farmer,0,0,0,0,0,1.5051675209217703,0,-0.5311407057831347,0.9740268151386356
1697,RA Farmer,0,1,1,0,2,1.667998871836134,0.14,0.16479571764206846,1.9727945894782024
1698,RA Farmer,1,0,0,1,2,1.0418750998656672,0.14,-0.13064985975167892,1.051225240113988
1699,RA Farmer,0,1,1,0,2,1.4345256782814144,0.14,0.011418534010871092,1.5859442122922855
1700,RA Farmer,1,0,0,0,1,1.0334062835091047,0.07,0.11494561974011946,1.2183519032492243
1701,RA Farmer,1,1,0,0,2,1.2926809829238695,0.14,-0.46256743612388196,0.9701135467999874
1702,RA Farmer,1,0,0,0,1,0.9469496910970907,0.07,0.3421793814164869,1.3591290725135776
1703,RA Farmer,1,0,1,0,2,1.1771934070203303,0.14,0.3887321295661742,1.7059255365865047
1704,RA Farmer,1,0,0,1,2,1.571561150439377,0.14,-0.1705388966576269,1.5410222537817502
1705,RA Farmer,1,0,1,1,3,1.2880587707600115,0.21000000000000002,0.19294718312178175,1.6910059538817932
1706,RA Farmer,1,0,1,0,2,1.0787208411831062,0.14,0.5482799204006346,1.7670007615837406
1707,RA Farmer,1,1,0,0,2,0.5459141042303653,0.14,-0.21378074260137248,0.5
1708,RA Farmer,1,0,1,0,2,1.2592894654882087,0.14,0.15909184321526032,1.5583813087034692
1709,RA Farmer,1,1,0,0,2,1.7767553103589668,0.14,-0.19834645782956883,1.718408852529398
1710,RA Farmer,0,0,1,0,1,0.9215640149679685,0.07,-0.12188538666980855,0.86967862829816
1711,RA Farmer,1,0,1,0,2,1.1013048321873449,0.14,-0.07342213324890451,1.1678826989384403
1712,RA Farmer,0,1,0,1,2,1.4856214509150747,0.14,-0.035504990190647075,1.5901164607244278
1713,RA Farmer,0,0,1,1,2,1.693240155041354,0.14,0.30770216444086484,2.140942319482219
1714,RA Farmer,0,0,1,1,2,0.9707869711580436,0.14,0.23114340784882367,1.3419303790068673
1715,RA Farmer,1,0,0,1,2,1.0409177777979122,0.14,0.2119264015649178,1.3928441793628301
1716,RA Farmer,1,1,1,0,3,0.6703136552394592,0.21000000000000002,0.09081379165499281,0.9711274468944521
1717,RA Farmer,0,0,0,0,0,1.2645550600706696,0,0.18632263648745295,1.4508776965581225
1718,RA Farmer,1,1,0,1,3,1.599540398579004,0.21000000000000002,-0.03550904573199927,1.7740313528470046
1719,RA Farmer,1,0,0,0,1,1.1951895226883087,0.07,-0.10290204644726778,1.162287476241041
1720,RA Farmer,0,0,0,0,0,1.4739867505006825,0,-0.18672191261686844,1.287264837883814
1721,RA Farmer,1,0,1,1,3,1.2368680362153128,0.21000000000000002,-0.18412832729983888,1.262739708915474
1722,RA Farmer,1,1,0,1,3,1.2999894964147194,0.21000000000000002,0.17783923909418656,1.6878287355089059
1723,RA Farmer,1,1,1,1,4,1.5103601006177558,0.28,-0.09836470705948448,1.6919953935582714
1724,RA Farmer,1,0,0,0,1,1.3883302868481622,0.07,-0.2386310916349973,1.219699195213165
1725,RA Farmer,1,0,1,1,3,0.6460066694046528,0.21000000000000002,0.3236863840120042,1.1796930534166572
1726,RA Farmer,1,1,0,0,2,1.5712595054271175,0.14,0.3179199934937571,2.0291794989208745
1727,RA Farmer,1,1,0,0,2,1.2185607015218012,0.14,0.23229999635568188,1.590860697877483
1728,RA Farmer,0,0,0,1,1,1.8937879745824642,0.07,-0.017283947775122654,1.9465040268073417
1729,RA Farmer,1,0,1,1,3,1.9706185231870135,0.21000000000000002,-0.3311533827057021,1.8494651404813116
1730,RA Farmer,1,1,1,1,4,0.9349419748327428,0.28,0.1866078267331269,1.4015498015658696
1731,RA Farmer,1,0,1,0,2,1.7733966669482837,0.14,0.029524182151350366,1.9429208490996341
1732,RA Farmer,1,0,1,0,2,1.2800662493646133,0.14,-0.12832321437179603,1.2917430349928172
1733,RA Farmer,0,1,0,1,2,1.0944419567446284,0.14,0.013422458321141287,1.2478644150657696
1734,RA Farmer,1,0,0,0,1,1.2367763703126764,0.07,-0.07394002481842309,1.2328363454942535
1735,RA Farmer,0,1,1,1,3,1.358462841259416,0.21000000000000002,0.2079157062491576,1.7763785475085736
1736,RA Farmer,1,0,0,0,1,1.1707277871145407,0.07,-0.266434209071229,0.9742935780433117
1737,RA Farmer,1,1,1,1,4,0.9301057800349972,0.28,0.2465205604682288,1.456626340503226
1738,RA Farmer,0,1,1,0,2,1.291958399037133,0.14,-0.07192370751948732,1.3600346915176456
1739,RA Farmer,0,0,0,1,1,0.880888426826081,0.07,0.12962889714484885,1.08051732397093
1740,RA Farmer,1,0,0,0,1,1.1735772342825492,0.07,-0.14921394706110014,1.0943632872214493
1741,RA Farmer,1,0,1,0,2,1.5627704733383527,0.14,0.1315316894840322,1.8343021628223848
1742,RA Farmer,1,1,1,0,3,0.847107820949568,0.21000000000000002,-0.320358450205565,0.7367493707440032
1743,RA Farmer,1,0,0,1,2,1.1806193889761845,0.14,-0.21227650700181352,1.1083428819743708
1744,RA Farmer,1,1,1,0,3,1.4313705588097105,0.21000000000000002,0.2645741114622596,1.9059446702719702
1745,RA Farmer,1,0,1,0,2,1.234274081362997,0.14,-0.5181964678237381,0.8560776135392589
1746,RA Farmer,1,1,0,0,2,1.093100329576834,0.14,0.13822187366790448,1.3713222032447385
1747,RA Farmer,1,0,0,0,1,0.9516647632358678,0.07,0.002707833615368996,1.0243725968512367
1748,RA Farmer,1,1,0,0,2,1.1782780280418559,0.14,-0.2455525319949805,1.0727254960468753
1749,RA Farmer,1,1,0,0,2,1.6420916766179297,0.14,-0.11053690230113278,1.6715547743167969
1750,RA Farmer,1,0,0,1,2,1.0835786385492745,0.14,0.05226527418375332,1.2758439127330279
1751,RA Farmer,1,1,1,0,3,1.0915319968348025,0.21000000000000002,-0.034918749520564424,1.266613247314238
1752,RA Farmer,1,1,1,1,4,1.2923348614904613,0.28,0.08922383549710206,1.6615586969875633
1753,RA Farmer,1,0,0,1,2,1.2610102571691917,0.14,0.08168645695347983,1.4826967141226715
1754,RA Farmer,1,0,1,1,3,1.720885119393373,0.21000000000000002,0.452716129276243,2.383601248669616
1755,RA Farmer,0,1,1,0,2,1.759419056410751,0.14,-0.09620204534248417,1.803217011068267
1756,RA Farmer,1,1,1,0,3,0.8516798001192506,0.21000000000000002,0.11411986743315979,1.1757996675524105
1757,RA Farmer,0,0,0,1,1,1.3890368367370756,0.07,-0.04464849108888226,1.4143883456481934
1758,RA Farmer,1,1,1,1,4,1.351771544180143,0.28,-0.2673844218164638,1.3643871223636792
1759,RA Farmer,1,0,0,0,1,1.215116458584422,0.07,0.07966287224379845,1.3647793308282206
1760,RA Farmer,1,0,0,0,1,1.2767508794140292,0.07,-0.33289811713926565,1.0138527622747637
1761,RA Farmer,1,1,0,0,2,1.4993689634415515,0.14,0.15237922625929148,1.7917481897008432
1762,RA Farmer,1,0,1,1,3,1.4568407638503464,0.21000000000000002,0.016181789140739106,1.6830225529910856
1763,RA Farmer,0,0,1,0,1,0.8859249260404056,0.07,0.12645408285421963,1.0823790088946252
1764,RA Farmer,1,0,0,1,2,1.5501353112175367,0.14,-0.18075507639002372,1.5093802348275132
1765,RA Farmer,0,0,0,1,1,1.654144980638585,0.07,-0.06871586053668789,1.6554291201018971
1766,RA Farmer,0,1,1,0,2,1.3513436288316651,0.14,-0.20384546973523543,1.2874981590964296
1767,RA Farmer,1,0,1,0,2,0.4038642777345546,0.14,0.2072060242302535,0.7510703019648081
1768,RA Farmer,1,1,1,0,3,1.629205911816716,0.21000000000000002,-0.29089405881308533,1.5483118530036306
1769,RA Farmer,1,0,1,1,3,0.7569470253090487,0.21000000000000002,0.16601776894317766,1.1329647942522263
1770,RA Farmer,0,1,0,0,1,1.6754184118359365,0.07,0.058659178689408537,1.8040775905253452
1771,RA Farmer,0,1,1,0,2,1.1723341842878674,0.14,0.18059776864792063,1.492931952935788
1772,RA Farmer,1,1,0,0,2,0.9529132318313294,0.14,0.050958008156156066,1.1438712399874855
1773,RA Farmer,1,1,0,1,3,0.7055807634167657,0.21000000000000002,0.16859741402425388,1.0841781774410195
1774,RA Farmer,1,0,1,0,2,1.4832928374796113,0.14,-0.0307449506461916,1.5925478868334195
1775,RA Farmer,1,1,1,0,3,1.0929190908848792,0.21000000000000002,-0.19307417675661953,1.1098449141282596
1776,RA Farmer,1,0,0,0,1,1.151395422406366,0.07,-0.4115062383877926,0.8098891840185736
1777,RA Farmer,1,1,0,1,3,1.237433457679857,0.21000000000000002,0.3150064920881735,1.7624399497680303
1778,RA Farmer,1,0,1,1,3,1.1134586077964395,0.21000000000000002,0.2568310700313808,1.5802896778278201
1779,RA Farmer,0,1,0,1,2,0.8454281408756599,0.14,-0.3522370754931216,0.6331910653825383
1780,RA Farmer,1,0,1,1,3,0.482121642052883,0.21000000000000002,0.2180485999692794,0.9101702420221625
1781,RA Farmer,1,0,0,0,1,1.4553843283193688,0.07,-0.11363869434658265,1.4117456339727863
1782,RA Farmer,1,0,1,0,2,1.4825414700650343,0.14,0.10342551033211365,1.725966980397148
1783,RA Farmer,0,1,0,0,1,1.1142469641456836,0.07,-0.10392595627563635,1.0803210078700474
1784,RA Farmer,1,0,0,0,1,1.008780212749658,0.07,0.32208470277963025,1.4008649155292883
1785,RA Farmer,1,0,1,1,3,1.5046873111027836,0.21000000000000002,0.26792001195448745,1.982607323057271
1786,RA Farmer,1,1,0,0,2,0.9713200835145563,0.14,0.22743080683242345,1.3387508903469798
1787,RA Farmer,1,0,0,0,1,1.3724471390610629,0.07,-0.08980775220329497,1.352639386857768
1788,RA Farmer,1,1,1,0,3,0.7922880261899312,0.21000000000000002,-0.06955578960490393,0.9327322365850272
1789,RA Farmer,1,1,1,0,3,1.4705903568241299,0.21000000000000002,0.032595884085411614,1.7131862409095415
1790,RA Farmer,1,1,1,0,3,1.289335570958436,0.21000000000000002,-0.10289253153046996,1.3964430394279659
1791,RA Farmer,1,1,1,1,4,1.1991667100423378,0.28,-0.2314810059185856,1.2476857041237521
1792,RA Farmer,1,0,1,0,2,1.1305016979170999,0.14,-0.03836469712040637,1.2321370007966936
1793,RA Farmer,0,1,1,0,2,1.5526676400078465,0.14,-0.21336165368153442,1.479305986326312
1794,RA Farmer,1,0,0,0,1,1.5532820247708594,0.07,0.06561197452827057,1.68889399929913
1795,RA Farmer,1,0,1,0,2,1.5899707475888398,0.14,-0.09271496555141018,1.6372557820374298
1796,RA Farmer,1,1,0,0,2,1.9171148494755483,0.14,-0.06467313095883412,1.9924417185167143
1797,RA Farmer,0,0,0,0,0,1.0049536333804574,0,-0.3328684775085793,0.6720851558718781
1798,RA Farmer,1,1,1,0,3,0.9139782866783268,0.21000000000000002,0.34158970408402656,1.4655679907623533
1799,RA Farmer,0,0,1,0,1,1.821888062529414,0.07,-0.025719632021122048,1.866168430508292
1800,RA Farmer,1,0,1,1,3,1.2558202132431135,0.21000000000000002,-0.056031059306165656,1.4097891539369478
1801,RA Farmer,0,1,1,1,3,1.5824796138403987,0.21000000000000002,0.23494621660655152,2.0274258304469503
1802,RA Farmer,1,0,0,0,1,1.2699250955623107,0.07,-0.20113646769351476,1.138788627868796
1803,RA Farmer,1,0,1,0,2,0.7932282370418875,0.14,-0.14540811744585597,0.7878201195960315
1804,RA Farmer,0,0,1,1,2,1.5260881790124747,0.14,0.14389385684165998,1.8099820358541348
1805,RA Farmer,1,1,1,0,3,1.3793461932579967,0.21000000000000002,0.16426658212848952,1.753612775386486
1806,RA Farmer,1,1,1,0,3,0.8418295266262756,0.21000000000000002,-0.3427347101419189,0.7090948164843567
1807,RA Farmer,1,0,0,0,1,1.0642596053668623,0.07,0.021915016962804634,1.156174622329667
1808,RA Farmer,1,0,0,0,1,1.1023053010161634,0.07,0.03543149218232742,1.2077367931984908
1809,RA Farmer,0,1,0,0,1,1.2085787534322128,0.07,0.034724894641949555,1.3133036480741624
1810,RA Farmer,1,1,1,0,3,1.03499000742448,0.21000000000000002,0.21327920262457406,1.458269210049054
1811,RA Farmer,1,1,1,0,3,1.0376299020223914,0.21000000000000002,-0.2797290570570658,0.9679008449653255
1812,RA Farmer,1,1,0,0,2,1.2640993663646243,0.14,-0.0792072628871034,1.324892103477521
1813,RA Farmer,1,0,1,1,3,1.2268834682221765,0.21000000000000002,-0.2783926423627691,1.1584908258594073
1814,RA Farmer,1,1,1,0,3,0.5320263412717614,0.21000000000000002,-0.04102484224353475,0.7010014990282266
1815,RA Farmer,1,0,1,0,2,0.9492200218462874,0.14,-0.23472722647298602,0.8544927953733015
1816,RA Farmer,1,0,1,0,2,1.09769494813998,0.14,-0.04919527830358405,1.188499669836396
1817,RA Farmer,1,0,1,0,2,1.352362143402594,0.14,0.0555823707816725,1.5479445141842667
1818,RA Farmer,1,0,0,0,1,1.3593775710941016,0.07,0.12463751908394438,1.554015090178046
1819,RA Farmer,1,1,1,0,3,1.077296491513014,0.21000000000000002,-0.03517520719241407,1.2521212843206
1820,RA Farmer,0,0,1,0,1,0.9569613266066529,0.07,0.0032592704695736316,1.0302205970762264
1821,RA Farmer,1,0,0,0,1,1.0703824704963725,0.07,-0.010564840946082517,1.12981762955029
1822,RA Farmer,0,0,1,1,2,1.1693404237648828,0.14,-0.0806607838187787,1.2286796399461042
1823,RA Farmer,1,0,1,1,3,1.1236918208035716,0.21000000000000002,0.002208056058233067,1.3358998768618047
1824,RA Farmer,1,0,1,0,2,1.1537914470261368,0.14,-0.30992867073276525,0.9838627762933714
1825,RA Farmer,0,1,1,1,3,1.1536762894063282,0.21000000000000002,-0.2796434883268798,1.0840328010794482
1826,RA Farmer,1,1,0,1,3,0.509388010903116,0.21000000000000002,-0.06256830873072461,0.6568197021723915
1827,RA Farmer,1,1,0,0,2,1.639787433933332,0.14,-0.35002751865220605,1.4297599152811262
1828,RA Farmer,1,0,1,0,2,0.8133920983169073,0.14,0.11520644749553444,1.0685985458124416
1829,RA Farmer,0,1,0,0,1,0.8368403554321528,0.07,-0.2760302923663862,0.6308100630657667
1830,RA Farmer,0,0,0,0,0,1.1194910126823154,0,-0.020441710075269764,1.0990493026070456
1831,RA Farmer,1,0,1,1,3,1.4050177445561465,0.21000000000000002,-0.020936875876943217,1.5940808686792032
1832,RA Farmer,0,1,1,1,3,1.1040992607294486,0.21000000000000002,0.3662595392481726,1.6803587999776213
1833,RA Farmer,1,1,1,0,3,1.3935525072561614,0.21000000000000002,-0.1936364766574514,1.40991603059871
1834,RA Farmer,1,1,0,1,3,1.0764900337626744,0.21000000000000002,-0.2531334972408492,1.0333565365218251
1835,RA Farmer,1,1,0,0,2,1.1424571583379857,0.14,0.325275215009276,1.6077323733472617
1836,RA Farmer,1,0,1,0,2,0.9411323155290812,0.14,-0.35766339402768454,0.7234689215013967
1837,RA Farmer,1,0,1,1,3,1.051004019954323,0.21000000000000002,-0.08474353784268907,1.1762604821116338
1838,RA Farmer,1,1,0,1,3,0.65166758463479,0.21000000000000002,0.20340787882836145,1.0650754634631516
1839,RA Farmer,1,1,0,1,3,1.1050461526992714,0.21000000000000002,-0.0011401655118471756,1.3139059871874241
1840,RA Farmer,0,0,1,0,1,0.6238312421976567,0.07,0.02773773353945926,0.721568975737116
1841,RA Farmer,0,0,1,0,1,1.2487976358199744,0.07,0.25466522762588606,1.5734628634458605
1842,RA Farmer,1,0,0,0,1,2.041758133089197,0.07,0.11043890308389788,2.2221970361730947
1843,RA Farmer,1,1,0,1,3,0.6294269623596157,0.21000000000000002,-0.2605856787882123,0.5788412835714034
1844,RA Farmer,0,0,0,0,0,0.7880223500992631,0,0.035056886640125816,0.823079236739389
1845,RA Farmer,1,1,1,0,3,1.1118936882825443,0.21000000000000002,-0.15979643861826198,1.1620972496642823
1846,RA Farmer,1,0,1,0,2,0.9326634040398891,0.14,0.13871126432062605,1.211374668360515
1847,RA Farmer,1,0,1,1,3,1.2708315381521793,0.21000000000000002,0.02720872070556418,1.5080402588577435
1848,RA Farmer,0,0,1,0,1,1.7248918272707394,0.07,3.601626612194018e-4,1.7952519899319588
1849,RA Farmer,1,0,1,0,2,1.5903404299848016,0.14,-0.37974305758027815,1.3505973724045233
1850,RA Farmer,0,1,0,1,2,0.9956354710127617,0.14,0.1110879567701148,1.2467234277828767
1851,RA Farmer,0,0,0,0,0,1.558366326733834,0,0.06183627347613183,1.6202026002099656
1852,RA Farmer,1,0,0,1,2,1.4552720305409208,0.14,-0.30697277546674573,1.2882992550741752
1853,RA Farmer,1,1,1,0,3,1.3666696007688754,0.21000000000000002,-0.14748684329827708,1.4291827574705984
1854,RA Farmer,0,1,0,0,1,0.9349709974555342,0.07,-0.11168402681463914,0.8932869706408951
1855,RA Farmer,1,0,1,0,2,1.4473037317814386,0.14,0.12228906373857795,1.7095927955200163
1856,RA Farmer,0,0,1,1,2,1.4063741137830037,0.14,-0.31370807135663353,1.23266604242637
1857,RA Farmer,1,0,0,0,1,1.6007304658520334,0.07,-0.2555687834830723,1.4151616823689612
1858,RA Farmer,0,0,1,1,2,0.9573462374746778,0.14,0.08407606147250643,1.1814222989471843
1859,RA Farmer,0,0,0,1,1,1.1701597411471192,0.07,0.004900836094255431,1.2450605772413748
1860,RA Farmer,1,1,0,1,3,0.9606975687001467,0.21000000000000002,-0.0686308361386259,1.1020667325615208
1861,RA Farmer,1,0,0,1,2,0.6846995683948804,0.14,0.05413913066196392,0.8788386990568444
1862,RA Farmer,0,1,1,1,3,1.1063717126738024,0.21000000000000002,-0.050334841606173554,1.2660368710676289
1863,RA Farmer,0,0,1,1,2,1.34426549872324,0.14,-0.3634741816160343,1.120791317107206
1864,RA Farmer,1,0,0,1,2,1.31945987507985,0.14,-0.23942276402238072,1.2200371110574695
1865,RA Farmer,1,0,1,1,3,0.7401422579386443,0.21000000000000002,0.0972400180096047,1.047382275948249
1866,RA Farmer,0,0,0,0,0,1.5873689355245726,0,-0.2322462569331014,1.3551226785914712
1867,RA Farmer,1,1,0,0,2,1.476481873605527,0.14,0.2892736255418466,1.9057554991473735
1868,RA Farmer,1,0,1,0,2,0.9827743754544154,0.14,0.296552107835815,1.4193264832902304
1869,RA Farmer,1,0,1,0,2,1.372180126152704,0.14,-0.2941780655695847,1.2180020605831194
1870,RA Farmer,0,0,0,0,0,0.6720274022830892,0,0.20998810488551964,0.8820155071686089
1871,RA Farmer,1,1,0,1,3,0.9259014201319975,0.21000000000000002,0.026890384336214712,1.1627918044682122
1872,RA Farmer,1,1,0,0,2,1.4529834434732534,0.14,0.05064789443179488,1.6436313379050485
1873,RA Farmer,1,1,1,1,4,1.071616329932825,0.28,0.01605423528236637,1.3676705652151913
1874,RA Farmer,1,0,1,0,2,0.964220667575119,0.14,0.07201820570491282,1.1762388732800317
1875,RA Farmer,0,1,1,0,2,1.2543804216216778,0.14,-0.0798355539307,1.314544867690978
1876,RA Farmer,1,1,1,0,3,0.905298401488863,0.21000000000000002,-0.11382436182887878,1.0014740396599842
1877,RA Farmer,1,0,0,1,2,0.6901723308490658,0.14,0.3490681783010966,1.1792405091501625
1878,RA Farmer,1,0,0,0,1,1.2484546598037676,0.07,-0.17475928558611775,1.1436953742176499
1879,RA Farmer,1,1,0,1,3,1.13848620865909,0.21000000000000002,-0.1402470326753981,1.2082391759836917
1880,RA Farmer,1,0,0,1,2,1.1406873812604912,0.14,-0.22343576353934053,1.0572516177211506
1881,RA Farmer,1,0,0,0,1,1.4284592367812075,0.07,0.056090648560394946,1.5545498853416024
1882,RA Farmer,0,0,0,0,0,1.091504866449428,0,-0.12562217414109098,0.965882692308337
1883,RA Farmer,1,0,1,0,2,1.1147768610262292,0.14,0.018356804965725025,1.273133665991954
1884,RA Farmer,1,0,1,0,2,0.7687363676018089,0.14,0.06222849298953551,0.9709648605913443
1885,RA Farmer,0,0,1,1,2,0.6370755948373116,0.14,0.4939236009210348,1.2709991957583464
1886,RA Farmer,1,1,1,0,3,1.0601571946108432,0.21000000000000002,-0.25764834457089697,1.0125088500399462
1887,RA Farmer,1,1,1,1,4,0.8019726539492531,0.28,0.24189768110562732,1.3238703350548804
1888,RA Farmer,1,0,1,0,2,1.2229931830077645,0.14,0.025436532352226822,1.3884297153599912
1889,RA Farmer,1,0,1,0,2,1.096481612458007,0.14,-0.24381766441009411,0.9926639480479128
1890,RA Farmer,0,1,0,1,2,1.5614788614487867,0.14,0.3894831143595203,2.090961975808307
1891,RA Farmer,1,0,0,0,1,1.050304923509879,0.07,0.2775699168514609,1.39787484036134
1892,RA Farmer,0,0,0,1,1,1.082948791934391,0.07,0.10046123742478036,1.2534100293591715
1893,RA Farmer,1,1,0,0,2,1.0243390294480872,0.14,0.37067629474791924,1.5350153241960063
1894,RA Farmer,1,1,1,0,3,1.1194373671999474,0.21000000000000002,0.0678120646345776,1.397249431834525
1895,RA Farmer,1,0,1,0,2,1.1085129763082953,0.14,-0.05821636303767246,1.190296613270623
1896,RA Farmer,1,0,0,0,1,1.4001892326535201,0.07,0.1956898902331491,1.6658791228866692
1897,RA Farmer,0,0,0,1,1,0.7984298056823234,0.07,0.25417621788269357,1.122606023565017
1898,RA Farmer,1,1,0,1,3,1.2782590412992922,0.21000000000000002,-0.36565282352385586,1.1226062177754363
1899,RA Farmer,1,0,1,1,3,1.1310274395862128,0.21000000000000002,0.0769747139610707,1.4180021535472833
1900,RA Farmer,1,1,0,1,3,1.7624847069018477,0.21000000000000002,0.21443504322574222,2.18691975012759
1901,RA Farmer,0,0,0,0,0,0.7238345384936663,0,0.10854875724672863,0.8323832957403949
1902,RA Farmer,0,0,1,0,1,0.8167265089848996,0.07,-0.058939104106727785,0.8277874048781719
1903,RA Farmer,0,0,0,0,0,1.150576590381713,0,-0.11082872893080171,1.0397478614509112
1904,RA Farmer,1,1,1,1,4,1.4467508069572925,0.28,-0.06764544393817763,1.6591053630191148
1905,RA Farmer,1,0,1,0,2,1.346352587953328,0.14,0.03693298360964631,1.5232855715629743
1906,RA Farmer,0,0,0,1,1,1.0067168277286576,0.07,-0.06366268757048721,1.0130541401581703
1907,RA Farmer,1,1,0,0,2,1.207564915579366,0.14,0.020028383495846375,1.3675932990752122
1908,RA Farmer,1,1,1,0,3,0.6059146758094233,0.21000000000000002,0.11895926589328948,0.9348739417027128
1909,RA Farmer,1,0,0,1,2,1.2910581659286953,0.14,0.14931076090816242,1.580368926836858
1910,RA Farmer,0,0,1,0,1,1.5819489264855568,0.07,-0.02992508052628593,1.622023845959271
1911,RA Farmer,1,1,0,0,2,1.207221837810032,0.14,-0.18958232674502953,1.1576395110650022
1912,RA Farmer,1,1,0,1,3,1.071587590085775,0.21000000000000002,-0.01667635539495199,1.264911234690823
1913,RA Farmer,0,0,1,1,2,0.8397126960106747,0.14,0.0192792338876803,0.998991929898355
1914,RA Farmer,1,0,0,1,2,1.0101194256478312,0.14,-0.41502566975607585,0.7350937558917554
1915,RA Farmer,0,0,0,1,1,1.6065649614651611,0.07,-0.38024879292081076,1.2963161685443505
1916,RA Farmer,1,1,1,1,4,1.0968331099647748,0.28,-0.05761446638478036,1.3192186435799944
1917,RA Farmer,0,0,1,0,1,1.012232999513298,0.07,-0.1580011654989474,0.9242318340143506
1918,RA Farmer,0,1,0,0,1,1.6102329472060175,0.07,-0.09461342329374996,1.5856195239122677
1919,RA Farmer,0,1,0,0,1,0.6600920174358839,0.07,-0.13572875666340067,0.5943632607724831
1920,RA Farmer,1,1,1,0,3,1.1056541764099561,0.21000000000000002,-0.4303582649277511,0.885295911482205
1921,RA Farmer,0,0,0,0,0,1.2221694420422962,0,-0.055402363120953826,1.1667670789213422
1922,RA Farmer,0,0,1,0,1,0.9902081218343809,0.07,-0.08585641938334677,0.9743517024510341
1923,RA Farmer,1,1,0,1,3,0.9902221823128992,0.21000000000000002,-0.06714596050648676,1.1330762218064123
1924,RA Farmer,1,1,0,1,3,1.2938819221752387,0.21000000000000002,-0.1515224914506474,1.3523594307245912
1925,RA Farmer,1,0,1,0,2,1.3845510512508359,0.14,0.27871110718355013,1.803262158434386
1926,RA Farmer,0,0,0,0,0,1.2479448624923353,0,-0.08263004995116048,1.1653148125411747
1927,RA Farmer,1,1,1,1,4,1.1863656529392967,0.28,-0.1392356932505364,1.3271299596887605
1928,RA Farmer,0,1,0,1,2,0.9454941275593649,0.14,0.020094483522393562,1.1055886110817585
1929,RA Farmer,1,0,1,0,2,1.3813619019727619,0.14,0.03095806323381899,1.5523199652065809
1930,RA Farmer,1,1,1,0,3,0.9198016002420688,0.21000000000000002,0.08177144579030253,1.2115730460323713
1931,RA Farmer,0,0,0,0,0,1.1631411335212056,0,-0.3438646407342984,0.8192764927869072
1932,RA Farmer,1,1,1,0,3,1.3497512544632453,0.21000000000000002,0.17781658573263986,1.7375678401958852
